start_time,end_time,duration,asleep,soothing
2019-11-21 18:30:32,2019-11-21 18:31:52,80,80,0
2019-11-22 04:03:22,2019-11-22 05:07:17,3835,2422,1413
2019-11-22 05:53:24,2019-11-22 05:54:27,63,36,27
2019-11-22 05:52:51,2019-11-22 07:01:11,4100,3140,960
2019-11-22 22:51:19,2019-11-22 23:20:48,1769,1289,480
2019-11-23 00:08:07,2019-11-23 01:20:45,4358,3878,480
2019-11-23 01:50:52,2019-11-23 02:04:31,819,36,783
2019-11-23 02:03:24,2019-11-23 02:24:37,1273,75,1198
2019-11-23 03:21:17,2019-11-23 03:23:35,138,13,125
2019-11-23 04:02:47,2019-11-23 06:03:07,7220,6360,860
2019-11-23 23:44:47,2019-11-24 00:32:57,2890,2890,0
2019-11-24 00:49:48,2019-11-24 00:50:11,23,23,0
2019-11-24 00:50:16,2019-11-24 00:50:22,6,6,0
2019-11-24 00:50:30,2019-11-24 00:50:51,21,12,9
2019-11-24 01:38:47,2019-11-24 03:00:18,4891,4891,0
2019-11-24 03:41:38,2019-11-24 03:57:06,928,928,0
2019-11-24 04:04:18,2019-11-24 06:05:03,7245,7245,0
2019-11-24 06:33:39,2019-11-24 07:05:03,1884,1884,0
2019-11-24 08:10:47,2019-11-24 08:10:56,9,9,0
2019-11-24 08:10:45,2019-11-24 08:15:17,272,272,0
2019-11-24 08:44:46,2019-11-24 10:09:32,5086,5066,20
2019-11-24 11:04:48,2019-11-24 12:25:42,4854,4854,0
2019-11-24 13:28:09,2019-11-24 13:36:37,508,508,0
2019-11-24 14:19:54,2019-11-24 15:31:36,4302,4302,0
2019-11-24 17:59:16,2019-11-24 18:01:23,127,125,2
2019-11-24 18:21:37,2019-11-24 18:28:48,431,395,36
2019-11-24 23:57:20,2019-11-25 00:11:19,839,839,0
2019-11-25 00:50:59,2019-11-25 00:54:02,183,183,0
2019-11-25 01:58:05,2019-11-25 01:59:21,76,73,3
2019-11-25 02:22:16,2019-11-25 02:24:08,112,112,0
2019-11-25 03:03:26,2019-11-25 05:03:53,7227,7227,0
2019-11-25 05:22:54,2019-11-25 07:00:03,5829,5829,0
2019-11-25 07:35:56,2019-11-25 08:09:15,1999,1999,0
2019-11-25 08:45:30,2019-11-25 09:25:46,2416,2416,0
2019-11-25 09:34:42,2019-11-25 09:54:18,1176,1176,0
2019-11-25 11:04:29,2019-11-25 12:01:02,3393,3393,0
2019-11-25 14:05:31,2019-11-25 14:06:14,43,43,0
2019-11-25 16:10:12,2019-11-25 17:08:31,3499,3499,0
2019-11-25 18:22:57,2019-11-25 20:12:53,6596,6596,0
2019-11-25 20:58:01,2019-11-25 21:02:54,293,293,0
2019-11-26 00:37:06,2019-11-26 00:39:26,140,113,27
2019-11-26 00:54:21,2019-11-26 02:26:21,5520,5520,0
2019-11-26 03:01:36,2019-11-26 03:15:15,819,819,0
2019-11-26 04:06:25,2019-11-26 04:18:43,738,738,0
2019-11-26 04:20:04,2019-11-26 05:33:26,4402,4402,0
2019-11-26 06:04:59,2019-11-26 06:26:31,1292,1292,0
2019-11-26 23:57:48,2019-11-27 00:00:36,168,61,107
2019-11-27 01:51:49,2019-11-27 02:08:10,981,981,0
2019-11-27 02:34:04,2019-11-27 05:17:05,9781,9781,0
2019-11-27 05:57:51,2019-11-27 05:58:26,35,35,0
2019-11-27 06:05:25,2019-11-27 07:37:27,5522,5522,0
2019-11-27 08:20:50,2019-11-27 08:21:45,55,55,0
2019-11-27 08:47:48,2019-11-27 10:11:09,5001,5001,0
2019-11-27 12:16:49,2019-11-27 12:18:28,99,99,0
2019-11-27 12:31:46,2019-11-27 12:59:02,1636,1553,83
2019-11-27 13:22:30,2019-11-27 13:28:25,355,355,0
2019-11-27 13:51:56,2019-11-27 13:56:31,275,275,0
2019-11-27 14:13:24,2019-11-27 14:45:31,1927,1920,7
2019-11-27 16:11:48,2019-11-27 18:26:57,8109,8109,0
2019-11-27 23:56:52,2019-11-28 03:22:58,12366,12366,0
2019-11-28 03:52:54,2019-11-28 06:33:58,9664,9664,0
2019-11-28 07:01:10,2019-11-28 08:09:44,4114,4114,0
2019-11-28 09:14:56,2019-11-28 10:48:22,5606,5606,0
2019-11-28 11:47:10,2019-11-28 11:49:07,117,117,0
2019-11-28 14:53:50,2019-11-28 14:53:52,2,2,0
2019-11-28 14:53:28,2019-11-28 14:59:34,366,366,0
2019-11-28 16:24:29,2019-11-28 18:22:08,7059,7059,0
2019-11-28 18:33:35,2019-11-28 19:13:36,2401,2401,0
2019-11-28 19:14:49,2019-11-28 19:58:47,2638,2638,0
2019-11-28 21:38:34,2019-11-28 22:54:27,4553,4553,0
2019-11-29 00:05:14,2019-11-29 00:21:30,976,976,0
2019-11-29 00:22:34,2019-11-29 01:55:49,5595,5595,0
2019-11-29 02:46:15,2019-11-29 04:47:10,7255,7255,0
2019-11-29 05:49:34,2019-11-29 07:05:37,4563,4563,0
2019-11-29 07:26:37,2019-11-29 07:26:40,3,3,0
2019-11-29 07:24:28,2019-11-29 07:41:27,1019,1019,0
2019-11-29 08:04:20,2019-11-29 09:15:07,4247,4247,0
2019-11-29 11:23:10,2019-11-29 12:05:37,2547,2547,0
2019-11-29 12:34:46,2019-11-29 13:12:18,2252,2252,0
2019-11-29 15:26:31,2019-11-29 17:02:42,5771,5771,0
2019-11-29 19:00:34,2019-11-29 19:35:46,2112,2112,0
2019-11-29 21:21:08,2019-11-29 21:26:14,306,306,0
2019-11-29 21:54:04,2019-11-29 23:17:03,4979,4979,0
2019-11-30 00:37:00,2019-11-30 03:02:20,8720,8720,0
2019-11-30 03:40:14,2019-11-30 07:15:04,12890,12890,0
2019-11-30 08:11:29,2019-11-30 09:18:58,4049,4049,0
2019-11-30 10:06:43,2019-11-30 10:44:49,2286,2286,0
2019-11-30 11:05:59,2019-11-30 11:47:08,2469,2469,0
2019-11-30 16:18:24,2019-11-30 18:13:15,6891,6661,230
2019-11-30 21:46:00,2019-11-30 23:06:14,4814,4814,0
2019-12-01 01:01:59,2019-12-01 01:14:48,769,769,0
2019-12-01 01:55:06,2019-12-01 05:33:22,13096,13096,0
2019-12-01 13:59:34,2019-12-01 14:07:32,478,478,0
2019-12-01 15:01:18,2019-12-01 15:03:04,106,106,0
2019-12-01 16:42:34,2019-12-01 18:35:36,6782,6782,0
2019-12-01 20:38:34,2019-12-01 21:42:51,3857,3857,0
2019-12-02 00:27:12,2019-12-02 00:41:41,869,869,0
2019-12-02 00:54:08,2019-12-02 00:57:54,226,226,0
2019-12-02 01:13:09,2019-12-02 03:26:58,8029,8029,0
2019-12-02 03:48:56,2019-12-02 05:25:44,5808,5808,0
2019-12-02 06:35:02,2019-12-02 07:31:58,3416,3416,0
2019-12-02 08:00:35,2019-12-02 08:22:03,1288,1288,0
2019-12-02 08:25:21,2019-12-02 08:25:23,2,2,0
2019-12-02 08:33:56,2019-12-02 09:46:56,4380,4380,0
2019-12-02 13:52:10,2019-12-02 14:00:46,516,516,0
2019-12-02 15:13:28,2019-12-02 15:48:02,2074,2074,0
2019-12-02 15:48:27,2019-12-02 15:49:32,65,65,0
2019-12-02 16:17:50,2019-12-02 16:44:00,1570,1570,0
2019-12-02 17:18:18,2019-12-02 17:22:11,233,233,0
2019-12-02 17:41:58,2019-12-02 18:18:40,2202,2202,0
2019-12-02 23:20:54,2019-12-02 23:43:06,1332,1033,299
2019-12-03 00:17:42,2019-12-03 00:22:49,307,307,0
2019-12-03 02:13:41,2019-12-03 03:53:35,5994,5994,0
2019-12-03 04:27:26,2019-12-03 06:38:49,7883,7883,0
2019-12-03 07:25:33,2019-12-03 09:18:02,6749,6749,0
2019-12-03 10:10:30,2019-12-03 10:55:33,2703,2703,0
2019-12-03 12:49:12,2019-12-03 14:37:41,6509,6509,0
2019-12-03 15:00:20,2019-12-03 15:03:38,198,198,0
2019-12-03 15:12:32,2019-12-03 15:36:28,1436,1436,0
2019-12-03 15:39:10,2019-12-03 15:42:46,216,216,0
2019-12-03 16:10:00,2019-12-03 16:33:36,1416,1416,0
2019-12-03 17:04:18,2019-12-03 17:08:46,268,268,0
2019-12-03 19:03:17,2019-12-03 21:12:56,7779,7779,0
2019-12-04 00:12:20,2019-12-04 02:51:33,9553,9553,0
2019-12-04 03:19:19,2019-12-04 05:44:12,8693,8693,0
2019-12-04 06:46:12,2019-12-04 07:42:35,3383,3383,0
2019-12-04 07:52:17,2019-12-04 08:08:45,988,988,0
2019-12-04 08:14:38,2019-12-04 09:40:00,5122,5122,0
2019-12-04 10:17:13,2019-12-04 11:46:54,5381,5381,0
2019-12-04 14:58:08,2019-12-04 15:40:13,2525,2525,0
2019-12-04 20:24:54,2019-12-04 22:20:28,6934,6934,0
2019-12-05 00:43:50,2019-12-05 03:20:26,9396,9396,0
2019-12-05 03:52:19,2019-12-05 06:09:40,8241,8241,0
2019-12-05 07:17:08,2019-12-05 09:07:54,6646,6646,0
2019-12-05 09:53:19,2019-12-05 10:35:07,2508,2508,0
2019-12-05 11:27:54,2019-12-05 12:16:26,2912,2912,0
2019-12-05 15:01:12,2019-12-05 15:11:38,626,626,0
2019-12-05 15:20:50,2019-12-05 15:24:00,190,190,0
2019-12-05 15:38:58,2019-12-05 16:07:57,1739,1739,0
2019-12-05 16:42:10,2019-12-05 19:54:31,11541,11541,0
2019-12-05 20:42:45,2019-12-05 20:46:58,253,253,0
2019-12-05 21:38:11,2019-12-05 23:38:32,7221,7221,0
2019-12-06 01:51:10,2019-12-06 04:00:02,7732,7732,0
2019-12-06 04:38:24,2019-12-06 07:04:58,8794,8794,0
2019-12-06 07:47:32,2019-12-06 07:52:27,295,295,0
2019-12-06 08:10:06,2019-12-06 08:52:42,2556,2556,0
2019-12-06 09:35:46,2019-12-06 10:20:25,2679,2679,0
2019-12-06 10:55:07,2019-12-06 12:08:21,4394,4394,0
2019-12-06 12:53:22,2019-12-06 13:01:23,481,481,0
2019-12-06 13:09:45,2019-12-06 14:04:29,3284,3269,15
2019-12-06 15:04:42,2019-12-06 15:13:43,541,541,0
2019-12-06 15:20:49,2019-12-06 15:35:44,895,309,586
2019-12-06 15:51:25,2019-12-06 18:00:47,7762,7762,0
2019-12-06 19:42:00,2019-12-06 21:25:13,6193,6193,0
2019-12-07 00:41:08,2019-12-07 02:54:46,8018,8018,0
2019-12-07 03:47:08,2019-12-07 06:40:42,10414,10414,0
2019-12-07 07:08:08,2019-12-07 09:13:33,7525,7525,0
2019-12-07 12:53:48,2019-12-07 13:09:01,913,897,16
2019-12-07 14:51:46,2019-12-07 15:14:52,1386,1386,0
2019-12-07 15:47:16,2019-12-07 16:25:07,2271,2260,11
2019-12-07 17:26:49,2019-12-07 17:30:10,201,201,0
2019-12-07 17:41:42,2019-12-07 17:43:05,83,83,0
2019-12-07 18:11:24,2019-12-07 18:43:17,1913,1913,0
2019-12-07 19:34:04,2019-12-07 19:35:17,73,49,24
2019-12-07 20:15:14,2019-12-07 22:01:51,6397,6397,0
2019-12-07 22:43:07,2019-12-07 23:28:10,2703,2703,0
2019-12-07 23:38:47,2019-12-08 00:42:32,3825,3825,0
2019-12-08 00:59:46,2019-12-08 01:15:20,934,934,0
2019-12-08 02:34:21,2019-12-08 04:05:26,5465,5465,0
2019-12-08 04:18:55,2019-12-08 04:40:45,1310,1310,0
2019-12-08 05:04:27,2019-12-08 05:08:15,228,228,0
2019-12-08 05:15:41,2019-12-08 05:21:32,351,351,0
2019-12-08 05:34:49,2019-12-08 05:41:33,404,404,0
2019-12-08 05:56:32,2019-12-08 08:02:49,7577,7577,0
2019-12-08 08:38:47,2019-12-08 09:03:55,1508,1508,0
2019-12-08 09:57:42,2019-12-08 10:39:18,2496,2469,27
2019-12-08 12:03:22,2019-12-08 12:13:43,621,621,0
2019-12-08 12:47:04,2019-12-08 13:17:53,1849,1838,11
2019-12-08 13:58:53,2019-12-08 14:10:10,677,677,0
2019-12-08 14:50:11,2019-12-08 15:15:31,1520,1494,26
2019-12-08 16:03:03,2019-12-08 18:02:04,7141,7141,0
2019-12-08 19:43:28,2019-12-08 20:31:38,2890,2890,0
2019-12-08 21:37:22,2019-12-08 22:38:48,3686,3686,0
2019-12-08 23:27:11,2019-12-08 23:28:38,87,40,47
2019-12-09 00:14:31,2019-12-09 02:32:09,8258,8258,0
2019-12-09 03:26:59,2019-12-09 03:32:53,354,354,0
2019-12-09 03:45:53,2019-12-09 04:43:14,3441,3441,0
2019-12-09 04:44:49,2019-12-09 05:20:41,2152,2152,0
2019-12-09 05:31:38,2019-12-09 06:04:55,1997,1997,0
2019-12-09 06:21:58,2019-12-09 06:59:48,2270,2270,0
2019-12-09 07:00:57,2019-12-09 07:03:27,150,150,0
2019-12-09 07:25:36,2019-12-09 07:29:56,260,260,0
2019-12-09 07:51:53,2019-12-09 08:47:25,3332,3332,0
2019-12-09 09:12:25,2019-12-09 09:47:10,2085,2085,0
2019-12-09 10:11:04,2019-12-09 10:57:19,2775,2775,0
2019-12-09 12:34:05,2019-12-09 13:19:20,2715,2715,0
2019-12-09 14:19:12,2019-12-09 14:19:17,5,5,0
2019-12-09 14:19:12,2019-12-09 14:25:41,389,389,0
2019-12-09 15:05:42,2019-12-09 15:28:47,1385,1289,96
2019-12-09 16:37:23,2019-12-09 16:42:19,296,296,0
2019-12-09 16:55:14,2019-12-09 18:17:12,4918,4424,494
2019-12-09 18:30:30,2019-12-09 18:40:07,577,577,0
2019-12-09 19:36:47,2019-12-09 21:34:26,7059,7059,0
2019-12-09 23:12:16,2019-12-09 23:28:09,953,953,0
2019-12-10 01:03:07,2019-12-10 01:55:15,3128,3128,0
2019-12-10 02:24:35,2019-12-10 02:26:02,87,87,0
2019-12-10 02:51:16,2019-12-10 06:13:51,12155,12150,5
2019-12-10 06:46:37,2019-12-10 06:51:54,317,317,0
2019-12-10 07:06:51,2019-12-10 08:00:27,3216,3216,0
2019-12-10 08:25:36,2019-12-10 09:56:51,5475,5475,0
2019-12-10 12:27:52,2019-12-10 14:05:35,5863,5863,0
2019-12-10 14:33:14,2019-12-10 16:51:39,8305,8305,0
2019-12-10 18:14:02,2019-12-10 18:26:06,724,724,0
2019-12-10 19:00:45,2019-12-10 20:58:07,7042,7042,0
2019-12-10 22:17:54,2019-12-10 23:32:15,4461,4461,0
2019-12-11 01:27:12,2019-12-11 01:27:46,34,34,0
2019-12-11 01:31:58,2019-12-11 03:42:33,7835,7835,0
2019-12-11 04:06:39,2019-12-11 04:10:47,248,248,0
2019-12-11 04:34:39,2019-12-11 04:37:40,181,181,0
2019-12-11 05:12:36,2019-12-11 06:46:34,5638,5638,0
2019-12-11 07:19:30,2019-12-11 08:53:08,5618,5618,0
2019-12-11 11:54:12,2019-12-11 13:50:28,6976,6916,60
2019-12-11 15:30:13,2019-12-11 16:23:12,3179,3179,0
2019-12-11 16:59:17,2019-12-11 17:38:42,2365,2352,13
2019-12-11 18:42:34,2019-12-11 19:23:18,2444,2444,0
2019-12-11 22:01:35,2019-12-11 23:39:04,5849,5849,0
2019-12-11 23:41:23,2019-12-12 00:45:29,3846,3846,0
2019-12-12 01:22:38,2019-12-12 03:20:02,7044,7044,0
2019-12-12 04:26:10,2019-12-12 04:33:15,425,425,0
2019-12-12 04:42:32,2019-12-12 06:49:52,7640,7640,0
2019-12-12 07:24:29,2019-12-12 09:41:12,8203,8203,0
2019-12-12 13:31:03,2019-12-12 14:06:15,2112,2097,15
2019-12-12 16:53:12,2019-12-12 19:57:18,11046,11046,0
2019-12-12 21:24:43,2019-12-12 22:17:44,3181,3181,0
2019-12-12 22:42:59,2019-12-12 22:52:41,582,582,0
2019-12-12 22:54:21,2019-12-13 00:37:06,6165,6165,0
2019-12-13 01:08:12,2019-12-13 03:16:42,7710,7710,0
2019-12-13 03:49:11,2019-12-13 03:59:02,591,591,0
2019-12-13 04:56:44,2019-12-13 04:59:19,155,155,0
2019-12-13 05:46:09,2019-12-13 09:14:14,12485,12485,0
2019-12-13 12:15:13,2019-12-13 13:08:11,3178,3178,0
2019-12-13 14:09:26,2019-12-13 17:14:01,11075,11075,0
2019-12-13 18:06:19,2019-12-13 20:06:41,7222,7222,0
2019-12-13 21:34:59,2019-12-13 21:37:10,131,131,0
2019-12-13 21:45:35,2019-12-13 21:50:21,286,286,0
2019-12-13 23:04:52,2019-12-14 01:01:53,7021,7021,0
2019-12-14 02:02:18,2019-12-14 02:03:50,92,92,0
2019-12-14 02:21:18,2019-12-14 05:36:25,11707,11707,0
2019-12-14 06:33:58,2019-12-14 06:38:17,259,259,0
2019-12-14 07:32:29,2019-12-14 09:22:40,6611,6611,0
2019-12-14 22:56:40,2019-12-14 23:02:17,337,337,0
2019-12-14 23:14:35,2019-12-14 23:24:33,598,598,0
2019-12-14 23:38:02,2019-12-14 23:42:03,241,241,0
2019-12-15 00:02:07,2019-12-15 00:12:55,648,648,0
2019-12-15 00:15:28,2019-12-15 02:39:04,8616,8616,0
2019-12-15 02:54:51,2019-12-15 04:30:45,5754,5754,0
2019-12-15 04:47:01,2019-12-15 05:17:22,1821,1821,0
2019-12-15 05:44:55,2019-12-15 06:33:35,2920,2920,0
2019-12-15 06:45:37,2019-12-15 07:12:54,1637,1637,0
2019-12-15 07:21:43,2019-12-15 07:23:13,90,39,51
2019-12-15 07:34:57,2019-12-15 08:16:25,2488,2008,480
2019-12-15 08:55:39,2019-12-15 09:51:27,3348,3348,0
2019-12-15 10:24:04,2019-12-15 10:24:47,43,43,0
2019-12-15 11:26:01,2019-12-15 11:45:55,1194,714,480
2019-12-15 11:49:29,2019-12-15 11:53:30,241,210,31
2019-12-15 12:23:32,2019-12-15 12:55:40,1928,1928,0
2019-12-15 14:08:46,2019-12-15 14:57:31,2925,2925,0
2019-12-15 15:40:55,2019-12-15 16:39:14,3499,3499,0
2019-12-15 16:52:06,2019-12-15 16:53:09,63,63,0
2019-12-15 18:04:21,2019-12-15 19:23:32,4751,4751,0
2019-12-15 19:49:44,2019-12-15 19:58:13,509,509,0
2019-12-15 20:20:32,2019-12-15 21:00:37,2405,2405,0
2019-12-15 23:28:27,2019-12-15 23:53:10,1483,1483,0
2019-12-16 00:02:44,2019-12-16 03:12:22,11378,11378,0
2019-12-16 03:54:13,2019-12-16 05:58:42,7469,7469,0
2019-12-16 06:55:37,2019-12-16 08:58:47,7390,7390,0
2019-12-16 16:06:32,2019-12-16 16:09:46,194,194,0
2019-12-16 22:04:28,2019-12-17 01:28:34,12246,12246,0
2019-12-17 02:11:11,2019-12-17 02:21:59,648,648,0
2019-12-17 02:57:14,2019-12-17 05:29:10,9116,9116,0
2019-12-17 07:23:34,2019-12-17 08:08:34,2700,2700,0
2019-12-17 08:17:13,2019-12-17 09:42:47,5134,5134,0
2019-12-17 21:41:55,2019-12-18 01:42:12,14417,14417,0
2019-12-18 02:33:46,2019-12-18 02:37:19,213,213,0
2019-12-18 03:09:52,2019-12-18 06:14:14,11062,10831,231
2019-12-18 07:27:44,2019-12-18 09:00:02,5538,5538,0
2019-12-18 14:26:53,2019-12-18 15:06:46,2393,2348,45
2019-12-18 21:12:18,2019-12-18 21:46:23,2045,1531,514
2019-12-18 21:45:03,2019-12-18 21:47:54,171,171,0
2019-12-18 22:29:34,2019-12-19 01:42:05,11551,11551,0
2019-12-19 02:39:59,2019-12-19 05:04:16,8657,8657,0
2019-12-19 06:16:34,2019-12-19 08:16:20,7186,7186,0
2019-12-19 16:03:35,2019-12-19 16:10:50,435,435,0
2019-12-19 16:27:28,2019-12-19 16:28:01,33,33,0
2019-12-19 17:09:36,2019-12-19 17:10:55,79,79,0
2019-12-19 21:46:19,2019-12-19 21:54:40,501,501,0
2019-12-20 00:02:22,2019-12-20 02:14:46,7944,7944,0
2019-12-20 02:43:25,2019-12-20 05:39:35,10570,10570,0
2019-12-20 06:59:01,2019-12-20 07:01:45,164,164,0
2019-12-20 07:10:25,2019-12-20 08:20:58,4233,4233,0
2019-12-20 08:35:17,2019-12-20 09:12:14,2217,2192,25
2019-12-20 13:03:13,2019-12-20 13:04:55,102,102,0
2019-12-20 13:07:16,2019-12-20 13:07:48,32,32,0
2019-12-20 22:08:45,2019-12-21 01:21:42,11577,11577,0
2019-12-21 02:28:08,2019-12-21 05:15:21,10033,10033,0
2019-12-21 05:54:33,2019-12-21 05:56:08,95,95,0
2019-12-21 06:32:57,2019-12-21 08:38:34,7537,7537,0
2019-12-21 23:34:32,2019-12-22 02:39:21,11089,11089,0
2019-12-22 03:27:15,2019-12-22 06:02:08,9293,9293,0
2019-12-22 06:14:30,2019-12-22 06:15:54,84,69,15
2019-12-22 06:42:39,2019-12-22 06:45:07,148,148,0
2019-12-22 06:52:30,2019-12-22 07:45:18,3168,3168,0
2019-12-22 15:32:03,2019-12-22 16:29:44,3461,3461,0
2019-12-22 18:03:31,2019-12-22 18:40:33,2222,2222,0
2019-12-22 20:47:00,2019-12-22 21:14:34,1654,1654,0
2019-12-22 23:47:55,2019-12-23 03:42:52,14097,14097,0
2019-12-23 04:17:18,2019-12-23 04:18:38,80,80,0
2019-12-23 04:47:40,2019-12-23 07:22:03,9263,9263,0
2019-12-23 08:31:34,2019-12-23 08:33:40,126,126,0
2019-12-23 08:34:42,2019-12-23 08:36:10,88,88,0
2019-12-23 11:59:19,2019-12-23 12:06:09,410,410,0
2019-12-23 12:28:02,2019-12-23 13:16:48,2926,2926,0
2019-12-23 17:57:06,2019-12-23 21:14:23,11837,11837,0
2019-12-23 21:29:14,2019-12-24 00:51:52,12158,12158,0
2019-12-24 01:53:16,2019-12-24 04:25:50,9154,9154,0
2019-12-24 05:08:53,2019-12-24 05:10:27,94,94,0
2019-12-24 05:14:45,2019-12-24 06:56:23,6098,6098,0
2019-12-24 11:40:49,2019-12-24 12:11:28,1839,1839,0
2019-12-24 21:52:08,2019-12-24 23:47:43,6935,6935,0
2019-12-25 00:40:44,2019-12-25 04:12:14,12690,12690,0
2019-12-25 05:58:58,2019-12-25 05:59:27,29,29,0
2019-12-25 06:09:43,2019-12-25 08:10:30,7247,7247,0
2019-12-25 10:51:08,2019-12-25 11:41:16,3008,2975,33
2019-12-25 14:22:16,2019-12-25 15:38:36,4580,4580,0
2019-12-25 22:58:27,2019-12-25 23:50:25,3118,3118,0
2019-12-26 00:06:14,2019-12-26 00:07:52,98,98,0
2019-12-26 00:35:41,2019-12-26 04:12:15,12994,12994,0
2019-12-26 05:11:19,2019-12-26 07:34:50,8611,8600,11
2019-12-26 23:57:14,2019-12-27 03:07:26,11412,11412,0
2019-12-27 03:57:16,2019-12-27 06:50:19,10383,10383,0
2019-12-27 23:04:33,2019-12-27 23:07:04,151,151,0
2019-12-27 23:18:10,2019-12-27 23:18:58,48,48,0
2019-12-27 23:17:59,2019-12-27 23:18:23,24,24,0
2019-12-27 23:59:22,2019-12-28 03:59:00,14378,14378,0
2019-12-28 04:43:18,2019-12-28 07:24:38,9680,9680,0
2019-12-28 23:17:26,2019-12-29 02:49:28,12722,12722,0
2019-12-29 03:39:46,2019-12-29 06:16:10,9384,9384,0
2019-12-29 23:30:32,2019-12-30 02:42:58,11546,11519,27
2019-12-30 03:19:42,2019-12-30 03:20:27,45,45,0
2019-12-30 03:35:28,2019-12-30 05:14:34,5946,5946,0
2019-12-30 06:26:27,2019-12-30 08:19:51,6804,6804,0
2019-12-30 17:16:17,2019-12-30 18:00:11,2634,2634,0
2019-12-30 22:58:06,2019-12-30 23:30:01,1915,1915,0
2019-12-31 01:07:51,2019-12-31 04:15:10,11239,11239,0
2019-12-31 05:04:45,2019-12-31 07:13:34,7729,7729,0
2019-12-31 20:37:07,2019-12-31 20:38:01,54,54,0
2019-12-31 23:27:04,2020-01-01 03:15:42,13718,13718,0
2020-01-01 03:55:33,2020-01-01 06:46:57,10284,10284,0
2020-01-01 22:57:44,2020-01-01 23:01:45,241,241,0
2020-01-01 23:37:34,2020-01-02 03:42:10,14676,14676,0
2020-01-02 04:38:57,2020-01-02 07:20:39,9702,9702,0
2020-01-02 17:24:59,2020-01-02 17:45:37,1238,1238,0
2020-01-02 23:17:57,2020-01-03 02:19:08,10871,10871,0
2020-01-03 02:57:10,2020-01-03 06:34:13,13023,13023,0
2020-01-03 22:17:53,2020-01-03 23:14:00,3367,2887,480
2020-01-03 23:55:21,2020-01-04 04:02:21,14820,14820,0
2020-01-04 04:36:58,2020-01-04 06:37:05,7207,7207,0
2020-01-04 06:47:03,2020-01-04 06:50:26,203,203,0
2020-01-04 08:48:10,2020-01-04 08:49:05,55,55,0
2020-01-05 00:29:54,2020-01-05 03:31:15,10881,10881,0
2020-01-05 04:09:53,2020-01-05 07:04:22,10469,10469,0
2020-01-05 07:06:53,2020-01-05 07:07:13,20,20,0
2020-01-05 22:35:17,2020-01-06 05:36:47,25290,25113,177
2020-01-06 06:27:10,2020-01-06 08:43:05,8155,7721,434
2020-01-06 16:59:12,2020-01-06 17:05:50,398,398,0
2020-01-06 21:34:25,2020-01-06 21:36:20,115,115,0
2020-01-06 22:24:55,2020-01-06 22:32:04,429,429,0
2020-01-06 23:40:31,2020-01-07 03:51:19,15048,15048,0
2020-01-07 04:18:03,2020-01-07 07:03:22,9919,9919,0
2020-01-07 22:21:22,2020-01-08 03:29:38,18496,18496,0
2020-01-08 03:55:28,2020-01-08 06:33:03,9455,9455,0
2020-01-08 22:17:48,2020-01-09 02:33:52,15364,15364,0
2020-01-09 03:09:03,2020-01-09 06:10:39,10896,10896,0
2020-01-09 07:04:25,2020-01-09 07:06:06,101,101,0
2020-01-09 07:37:21,2020-01-09 09:28:32,6671,6671,0
2020-01-09 22:06:25,2020-01-09 22:45:22,2337,2337,0
2020-01-09 23:58:21,2020-01-10 04:18:12,15591,15516,75
2020-01-10 04:44:09,2020-01-10 07:24:32,9623,9623,0
2020-01-10 08:07:57,2020-01-10 11:51:31,13414,12080,1334
2020-01-10 22:59:48,2020-01-11 03:09:06,14958,14958,0
2020-01-11 04:09:08,2020-01-11 06:57:46,10118,10118,0
2020-01-11 06:59:11,2020-01-11 07:00:09,58,58,0
2020-01-11 09:07:44,2020-01-11 09:42:33,2089,2089,0
2020-01-11 23:40:56,2020-01-12 03:22:07,13271,13151,120
2020-01-12 03:51:50,2020-01-12 06:38:18,9988,9984,4
2020-01-12 07:18:45,2020-01-12 07:21:27,162,162,0
2020-01-12 16:53:58,2020-01-12 20:27:48,12830,12830,0
2020-01-12 22:26:44,2020-01-13 02:05:45,13141,12970,171
2020-01-13 02:49:22,2020-01-13 02:56:17,415,415,0
2020-01-13 03:08:52,2020-01-13 05:02:15,6803,6803,0
2020-01-13 06:03:59,2020-01-13 08:22:10,8291,8291,0
2020-01-13 22:33:53,2020-01-14 04:54:20,22827,22758,69
2020-01-14 05:46:15,2020-01-14 08:09:13,8578,8335,243
2020-01-14 23:30:02,2020-01-15 04:08:33,16711,16700,11
2020-01-15 04:47:49,2020-01-15 04:55:42,473,473,0
2020-01-15 04:59:30,2020-01-15 07:22:24,8574,8547,27
2020-01-15 23:05:53,2020-01-16 03:30:52,15899,15899,0
2020-01-16 04:22:46,2020-01-16 06:56:05,9199,9199,0
2020-01-16 10:11:58,2020-01-16 10:21:52,594,594,0
2020-01-16 11:28:10,2020-01-16 11:41:13,783,333,450
2020-01-16 12:00:08,2020-01-16 12:31:59,1911,1911,0
2020-01-16 12:57:16,2020-01-16 13:09:54,758,758,0
2020-01-16 13:27:12,2020-01-16 13:30:58,226,226,0
2020-01-16 14:44:19,2020-01-16 15:25:48,2489,2489,0
2020-01-16 17:28:38,2020-01-16 17:42:48,850,198,652
2020-01-16 18:34:36,2020-01-16 19:18:06,2610,2610,0
2020-01-16 21:21:23,2020-01-16 21:57:56,2193,2193,0
2020-01-16 23:29:42,2020-01-16 23:35:05,323,323,0
2020-01-16 23:53:49,2020-01-17 05:25:22,19893,19893,0
2020-01-17 06:12:14,2020-01-17 08:17:55,7541,7541,0
2020-01-17 22:15:57,2020-01-18 01:34:37,11920,11908,12
2020-01-18 02:08:38,2020-01-18 05:40:50,12732,12732,0
2020-01-18 06:47:30,2020-01-18 09:03:25,8155,8155,0
2020-01-18 22:16:05,2020-01-18 22:17:52,107,107,0
2020-01-18 22:36:20,2020-01-19 05:02:27,23167,23167,0
2020-01-19 06:40:34,2020-01-19 09:08:05,8851,8851,0
2020-01-19 22:41:18,2020-01-20 02:56:05,15287,15223,64
2020-01-20 04:11:39,2020-01-20 07:44:16,12757,12757,0
2020-01-20 22:21:28,2020-01-21 03:39:57,19109,19109,0
2020-01-21 04:33:06,2020-01-21 07:58:52,12346,12346,0
2020-01-21 22:49:13,2020-01-22 04:05:56,19003,19003,0
2020-01-22 04:56:45,2020-01-22 07:49:24,10359,10359,0
2020-01-22 09:12:10,2020-01-22 10:17:55,3945,3945,0
2020-01-22 16:39:20,2020-01-22 18:02:30,4990,4990,0
2020-01-22 19:18:08,2020-01-22 19:23:46,338,338,0
2020-01-22 21:13:08,2020-01-23 03:36:42,23014,23014,0
2020-01-23 04:48:04,2020-01-23 08:14:56,12412,12412,0
2020-01-23 10:00:51,2020-01-23 10:37:20,2189,2189,0
2020-01-23 12:21:05,2020-01-23 13:05:12,2647,2647,0
2020-01-23 23:25:50,2020-01-24 04:48:27,19357,19357,0
2020-01-24 05:49:08,2020-01-24 08:39:35,10227,10227,0
2020-01-24 10:35:32,2020-01-24 11:24:22,2930,2930,0
2020-01-24 14:54:32,2020-01-24 15:42:52,2900,2900,0
2020-01-24 16:09:09,2020-01-24 16:11:32,143,143,0
2020-01-24 22:53:53,2020-01-25 03:46:30,17557,17557,0
2020-01-25 04:22:32,2020-01-25 07:43:11,12039,12039,0
2020-01-25 08:52:56,2020-01-25 09:44:22,3086,3086,0
2020-01-25 11:46:10,2020-01-25 12:28:27,2537,1854,683
2020-01-25 12:26:29,2020-01-25 12:30:31,242,197,45
2020-01-25 17:28:47,2020-01-25 17:34:37,350,144,206
2020-01-25 21:46:07,2020-01-26 03:53:52,22065,22065,0
2020-01-26 04:19:21,2020-01-26 06:20:58,7297,6945,352
2020-01-26 06:36:02,2020-01-26 09:42:02,11160,11155,5
2020-01-26 11:46:11,2020-01-26 12:30:17,2646,2485,161
2020-01-26 22:28:24,2020-01-27 03:56:41,19697,19697,0
2020-01-27 04:47:24,2020-01-27 05:24:07,2203,2173,30
2020-01-27 05:35:16,2020-01-27 08:13:15,9479,9166,313
2020-01-27 09:40:39,2020-01-27 09:43:53,194,194,0
2020-01-27 09:53:33,2020-01-27 10:33:01,2368,2120,248
2020-01-27 15:58:29,2020-01-27 16:00:45,136,136,0
2020-01-27 16:08:39,2020-01-27 16:14:10,331,331,0
2020-01-27 16:31:02,2020-01-27 16:36:33,331,331,0
2020-01-27 22:55:20,2020-01-28 04:20:43,19523,19523,0
2020-01-28 04:46:42,2020-01-28 08:32:49,13567,12651,916
2020-01-28 10:08:20,2020-01-28 10:40:32,1932,1932,0
2020-01-28 21:02:43,2020-01-29 03:51:38,24535,24055,480
2020-01-29 04:12:50,2020-01-29 08:03:03,13813,12310,1503
2020-01-29 09:08:54,2020-01-29 09:15:01,367,207,160
2020-01-29 10:27:48,2020-01-29 11:01:06,1998,1742,256
2020-01-29 21:28:46,2020-01-30 03:32:22,21816,21816,0
2020-01-30 04:03:21,2020-01-30 08:00:33,14232,13303,929
2020-01-30 08:52:15,2020-01-30 08:52:42,27,27,0
2020-01-30 09:16:45,2020-01-30 09:20:54,249,15,234
2020-01-30 11:41:22,2020-01-30 11:42:00,38,15,23
2020-01-30 21:07:52,2020-01-31 01:30:26,15754,15717,37
2020-01-31 02:02:25,2020-01-31 06:28:25,15960,15960,0
2020-01-31 07:11:31,2020-01-31 09:22:16,7845,6947,898
2020-01-31 20:34:49,2020-01-31 20:37:56,187,106,81
2020-01-31 21:16:15,2020-02-01 02:37:01,19246,19246,0
2020-02-01 03:03:53,2020-02-01 07:00:46,14213,14213,0
2020-02-01 07:59:33,2020-02-01 08:43:01,2608,2136,472
2020-02-01 21:26:18,2020-02-01 22:18:18,3120,3060,60
2020-02-01 22:40:31,2020-02-02 06:38:40,28689,28674,15
2020-02-02 07:00:09,2020-02-02 09:07:59,7670,7048,622
2020-02-02 20:33:08,2020-02-02 21:05:13,1925,1925,0
2020-02-02 21:21:21,2020-02-02 21:33:39,738,738,0
2020-02-02 21:47:32,2020-02-03 03:55:34,22082,22082,0
2020-02-03 04:17:52,2020-02-03 07:50:02,12730,12491,239
2020-02-03 21:06:56,2020-02-04 04:38:29,27093,26858,235
2020-02-04 05:00:57,2020-02-04 08:31:47,12650,12578,72
2020-02-04 11:25:23,2020-02-04 13:27:18,7315,7315,0
2020-02-04 17:35:48,2020-02-04 17:38:46,178,178,0
2020-02-04 17:39:22,2020-02-04 19:21:41,6139,6090,49
2020-02-04 21:38:55,2020-02-05 00:41:09,10934,10917,17
2020-02-05 01:05:47,2020-02-05 06:03:49,17882,17882,0
2020-02-05 06:27:46,2020-02-05 09:17:49,10203,8274,1929
2020-02-05 10:48:01,2020-02-05 11:35:35,2854,2543,311
2020-02-05 11:47:40,2020-02-05 11:51:52,252,252,0
2020-02-05 12:56:01,2020-02-05 12:57:54,113,113,0
2020-02-05 13:05:06,2020-02-05 14:04:42,3576,3381,195
2020-02-05 15:23:08,2020-02-05 15:26:37,209,209,0
2020-02-05 15:32:32,2020-02-05 16:11:52,2360,2360,0
2020-02-05 16:18:03,2020-02-05 16:19:54,111,111,0
2020-02-05 21:36:06,2020-02-06 03:49:13,22387,21907,480
2020-02-06 04:07:22,2020-02-06 09:18:30,18668,17827,841
2020-02-06 11:06:53,2020-02-06 12:06:43,3590,3396,194
2020-02-06 15:08:12,2020-02-06 15:16:58,526,444,82
2020-02-06 15:25:09,2020-02-06 15:57:21,1932,1932,0
2020-02-06 17:22:33,2020-02-06 17:32:05,572,572,0
2020-02-06 17:39:55,2020-02-06 18:09:49,1794,1530,264
2020-02-06 18:12:53,2020-02-06 18:13:14,21,21,0
2020-02-06 18:32:53,2020-02-06 18:37:23,270,168,102
2020-02-06 21:26:57,2020-02-06 21:36:39,582,582,0
2020-02-06 21:54:24,2020-02-06 22:00:01,337,112,225
2020-02-06 22:07:43,2020-02-07 04:51:25,24222,24222,0
2020-02-07 05:26:21,2020-02-07 08:31:27,11106,10720,386
2020-02-07 21:07:06,2020-02-07 21:13:49,403,403,0
2020-02-07 21:49:43,2020-02-08 03:50:17,21634,21634,0
2020-02-08 04:16:10,2020-02-08 07:48:16,12726,12403,323
2020-02-08 21:18:13,2020-02-09 04:30:50,25957,25957,0
2020-02-09 04:51:19,2020-02-09 08:44:56,14017,13435,582
2020-02-09 21:18:51,2020-02-10 04:24:27,25536,25536,0
2020-02-10 04:44:00,2020-02-10 07:53:18,11358,11103,255
2020-02-10 20:33:38,2020-02-10 21:20:56,2838,2838,0
2020-02-10 22:02:18,2020-02-11 05:23:38,26480,26480,0
2020-02-11 05:45:44,2020-02-11 08:50:19,11075,11075,0
2020-02-11 22:10:37,2020-02-12 03:10:24,17987,17987,0
2020-02-12 03:37:24,2020-02-12 08:16:58,16774,16746,28
2020-02-12 11:02:11,2020-02-12 11:20:20,1089,802,287
2020-02-12 11:24:45,2020-02-12 11:26:04,79,79,0
2020-02-12 17:42:52,2020-02-12 17:47:35,283,283,0
2020-02-12 21:01:25,2020-02-13 04:13:03,25898,25898,0
2020-02-13 04:31:34,2020-02-13 07:53:53,12139,12139,0
2020-02-13 21:07:14,2020-02-14 03:49:30,24136,24136,0
2020-02-14 04:07:36,2020-02-14 07:35:13,12457,12457,0
2020-02-14 10:34:59,2020-02-14 10:52:54,1075,1075,0
2020-02-14 10:59:14,2020-02-14 11:50:33,3079,3079,0
2020-02-14 22:02:26,2020-02-15 05:08:26,25560,25560,0
2020-02-15 05:25:46,2020-02-15 05:35:19,573,573,0
2020-02-15 05:39:24,2020-02-15 05:41:20,116,116,0
2020-02-15 05:53:12,2020-02-15 08:12:04,8332,8332,0
2020-02-15 21:21:01,2020-02-15 21:27:48,407,407,0
2020-02-15 21:30:07,2020-02-15 21:35:47,340,340,0
2020-02-15 21:48:48,2020-02-15 22:40:16,3088,3088,0
2020-02-15 22:52:04,2020-02-16 06:14:56,26572,26572,0
2020-02-16 06:33:20,2020-02-16 06:34:55,95,95,0
2020-02-16 06:47:43,2020-02-16 08:32:20,6277,5684,593
2020-02-16 21:32:49,2020-02-17 04:24:26,24697,24697,0
2020-02-17 04:59:01,2020-02-17 04:59:53,52,52,0
2020-02-17 05:03:30,2020-02-17 07:33:49,9019,9019,0
2020-02-17 21:29:12,2020-02-18 02:12:26,16994,16994,0
2020-02-18 02:32:55,2020-02-18 07:18:08,17113,17113,0
2020-02-18 21:15:02,2020-02-18 21:24:57,595,595,0
2020-02-18 21:31:22,2020-02-18 21:32:56,94,94,0
2020-02-18 21:48:22,2020-02-18 21:57:31,549,549,0
2020-02-18 22:07:46,2020-02-18 22:07:55,9,9,0
2020-02-18 22:12:40,2020-02-18 22:15:35,175,175,0
2020-02-18 22:43:09,2020-02-19 06:08:51,26742,26742,0
2020-02-19 06:33:45,2020-02-19 09:11:37,9472,9472,0
2020-02-19 21:04:07,2020-02-19 21:09:31,324,324,0
2020-02-19 21:29:24,2020-02-20 03:41:04,22300,22300,0
2020-02-20 04:00:06,2020-02-20 07:02:57,10971,10971,0
2020-02-20 07:40:25,2020-02-20 09:28:55,6510,6510,0
2020-02-20 13:36:04,2020-02-20 13:43:17,433,347,86
2020-02-20 21:19:16,2020-02-21 02:40:10,19254,19254,0
2020-02-21 03:07:32,2020-02-21 07:07:19,14387,14387,0
2020-02-21 07:30:02,2020-02-21 07:30:43,41,41,0
2020-02-21 07:44:40,2020-02-21 09:22:12,5852,5852,0
2020-02-21 21:38:43,2020-02-21 21:41:13,150,150,0
2020-02-21 21:52:56,2020-02-21 22:02:13,557,557,0
2020-02-21 22:20:27,2020-02-21 22:24:30,243,243,0
2020-02-21 22:38:44,2020-02-21 22:40:38,114,114,0
2020-02-21 22:53:25,2020-02-21 22:55:44,139,139,0
2020-02-21 22:58:49,2020-02-22 06:18:12,26363,26363,0
2020-02-22 06:36:43,2020-02-22 08:53:24,8201,8048,153
2020-02-22 21:24:01,2020-02-23 05:03:12,27551,27551,0
2020-02-23 05:26:58,2020-02-23 08:07:29,9631,9631,0
2020-02-23 21:03:46,2020-02-24 03:11:18,22052,22052,0
2020-02-24 03:36:52,2020-02-24 07:38:01,14469,14469,0
2020-02-24 07:51:28,2020-02-24 09:47:05,6937,6937,0
2020-02-24 20:34:14,2020-02-24 20:34:26,12,12,0
2020-02-24 20:54:14,2020-02-24 21:08:38,864,864,0
2020-02-24 21:19:22,2020-02-25 05:11:27,28325,28325,0
2020-02-25 05:17:53,2020-02-25 08:40:50,12177,12177,0
2020-02-25 20:40:30,2020-02-25 20:47:36,426,426,0
2020-02-25 20:52:47,2020-02-25 20:56:08,201,201,0
2020-02-25 21:39:03,2020-02-26 05:34:07,28504,28504,0
2020-02-26 05:49:48,2020-02-26 09:07:54,11886,11886,0
2020-02-26 20:49:23,2020-02-27 02:29:12,20389,20389,0
2020-02-27 02:50:02,2020-02-27 02:50:29,27,27,0
2020-02-27 02:50:52,2020-02-27 02:50:53,1,1,0
2020-02-27 02:50:18,2020-02-27 07:08:42,15504,15504,0
2020-02-27 07:30:06,2020-02-27 08:29:31,3565,3565,0
2020-02-29 18:00:11,2020-02-29 18:03:45,214,214,0
2020-02-29 18:07:37,2020-02-29 18:13:39,362,362,0
2020-02-29 18:17:17,2020-02-29 19:02:33,2716,2716,0
2020-02-29 21:10:16,2020-02-29 21:12:30,134,134,0
2020-02-29 21:15:25,2020-02-29 22:25:57,4232,4232,0
2020-02-29 22:32:17,2020-03-01 06:04:16,27119,27119,0
2020-03-01 06:18:53,2020-03-01 08:58:23,9570,9570,0
2020-03-01 10:17:21,2020-03-01 10:20:05,164,164,0
2020-03-01 10:21:44,2020-03-01 10:23:25,101,101,0
2020-03-01 10:24:17,2020-03-01 11:00:05,2148,2148,0
2020-03-01 15:26:25,2020-03-01 15:33:32,427,427,0
2020-03-01 15:38:06,2020-03-01 15:43:14,308,308,0
2020-03-01 16:19:33,2020-03-01 16:22:42,189,177,12
2020-03-01 16:28:30,2020-03-01 16:29:39,69,69,0
2020-03-01 16:36:39,2020-03-01 16:37:18,39,32,7
2020-03-01 16:41:09,2020-03-01 17:17:40,2191,2191,0
2020-03-01 19:10:36,2020-03-01 19:49:13,2317,2317,0
2020-03-01 19:57:17,2020-03-01 19:58:38,81,81,0
2020-03-01 21:19:38,2020-03-01 21:23:09,211,211,0
2020-03-01 21:28:33,2020-03-02 04:40:42,25929,25929,0
2020-03-02 04:51:02,2020-03-02 07:41:20,10218,10216,2
2020-03-02 08:03:02,2020-03-02 09:23:42,4840,4840,0
2020-03-02 13:25:34,2020-03-02 13:28:56,202,202,0
2020-03-02 13:32:29,2020-03-02 14:22:37,3008,2063,945
2020-03-02 15:42:46,2020-03-02 15:45:01,135,135,0
2020-03-02 15:53:06,2020-03-02 16:49:03,3357,3357,0
2020-03-02 16:54:43,2020-03-02 16:55:46,63,29,34
2020-03-02 17:39:01,2020-03-02 17:41:24,143,143,0
2020-03-02 17:50:41,2020-03-02 17:52:38,117,32,85
2020-03-02 17:57:55,2020-03-02 17:59:30,95,95,0
2020-03-02 18:19:56,2020-03-02 19:07:15,2839,2839,0
2020-03-02 21:14:14,2020-03-02 21:16:29,135,135,0
2020-03-02 21:18:08,2020-03-03 04:18:53,25245,25245,0
2020-03-03 04:34:54,2020-03-03 08:01:09,12375,12375,0
2020-03-03 09:45:33,2020-03-03 09:47:37,124,124,0
2020-03-03 09:52:20,2020-03-03 10:33:05,2445,2445,0
2020-03-03 14:26:28,2020-03-03 15:24:00,3452,3452,0
2020-03-03 15:24:36,2020-03-03 15:26:39,123,86,37
2020-03-03 15:32:57,2020-03-03 15:34:26,89,89,0
2020-03-03 16:30:15,2020-03-03 16:31:07,52,52,0
2020-03-03 16:36:50,2020-03-03 17:17:03,2413,2413,0
2020-03-03 17:18:33,2020-03-03 18:51:11,5558,5558,0
2020-03-03 21:10:38,2020-03-03 21:12:39,121,121,0
2020-03-03 21:12:08,2020-03-03 21:13:12,64,64,0
2020-03-03 21:39:49,2020-03-04 03:53:02,22393,22393,0
2020-03-04 04:06:30,2020-03-04 09:21:59,18929,18929,0
2020-03-04 13:14:02,2020-03-04 13:59:13,2711,2711,0
2020-03-04 14:05:43,2020-03-04 14:06:39,56,17,39
2020-03-04 14:09:38,2020-03-04 14:10:03,25,25,0
2020-03-04 15:31:03,2020-03-04 18:25:20,10457,10457,0
2020-03-04 20:50:11,2020-03-04 20:53:58,227,227,0
2020-03-04 20:58:06,2020-03-05 04:41:40,27814,27814,0
2020-03-05 05:02:22,2020-03-05 08:18:51,11789,11789,0
2020-03-05 14:53:47,2020-03-05 14:57:31,224,91,133
2020-03-05 14:59:42,2020-03-05 16:56:16,6994,6919,75
2020-03-05 18:26:05,2020-03-05 18:33:28,443,443,0
2020-03-05 18:36:20,2020-03-05 19:22:19,2759,2759,0
2020-03-05 21:21:14,2020-03-05 21:23:54,160,160,0
2020-03-05 21:28:59,2020-03-06 03:48:04,22745,22745,0
2020-03-06 04:06:29,2020-03-06 08:26:19,15590,15590,0
2020-03-06 10:17:47,2020-03-06 10:18:40,53,53,0
2020-03-06 10:22:03,2020-03-06 11:30:52,4129,4129,0
2020-03-06 14:47:15,2020-03-06 14:51:09,234,234,0
2020-03-06 14:55:31,2020-03-06 15:46:01,3030,3030,0
2020-03-06 17:02:44,2020-03-06 17:06:31,227,227,0
2020-03-06 17:11:25,2020-03-06 17:12:52,87,81,6
2020-03-06 17:19:52,2020-03-06 18:10:30,3038,3038,0
2020-03-06 18:16:01,2020-03-06 18:17:04,63,13,50
2020-03-06 18:21:33,2020-03-06 18:23:59,146,136,10
2020-03-06 18:27:24,2020-03-06 18:32:13,289,289,0
2020-03-06 20:11:34,2020-03-06 20:13:17,103,103,0
2020-03-06 20:14:43,2020-03-06 20:15:26,43,43,0
2020-03-06 20:21:18,2020-03-06 20:25:31,253,253,0
2020-03-06 20:27:27,2020-03-07 04:25:21,28674,28674,0
2020-03-07 04:40:14,2020-03-07 08:42:05,14511,14234,277
2020-03-07 10:19:39,2020-03-07 10:20:26,47,47,0
2020-03-07 10:26:07,2020-03-07 11:01:14,2107,1627,480
2020-03-07 12:29:19,2020-03-07 12:30:02,43,43,0
2020-03-07 12:29:10,2020-03-07 12:34:36,326,318,8
2020-03-07 12:41:45,2020-03-07 12:42:17,32,23,9
2020-03-07 12:45:42,2020-03-07 13:22:26,2204,2204,0
2020-03-07 15:12:19,2020-03-07 16:02:57,3038,3038,0
2020-03-07 17:15:50,2020-03-07 17:17:33,103,103,0
2020-03-07 17:23:14,2020-03-07 18:34:18,4264,4264,0
2020-03-07 20:15:21,2020-03-07 20:16:01,40,40,0
2020-03-07 20:20:53,2020-03-07 20:21:50,57,57,0
2020-03-07 20:22:56,2020-03-07 21:14:56,3120,2240,880
2020-03-07 21:39:18,2020-03-07 21:42:28,190,190,0
2020-03-07 21:52:43,2020-03-08 03:09:49,19026,19014,12
2020-03-08 04:36:57,2020-03-08 09:26:48,17391,17391,0
2020-03-08 11:18:58,2020-03-08 11:20:29,91,91,0
2020-03-08 11:24:26,2020-03-08 12:09:56,2730,2730,0
2020-03-08 15:12:05,2020-03-08 15:14:26,141,141,0
2020-03-08 15:15:55,2020-03-08 15:53:56,2281,2281,0
2020-03-08 16:34:40,2020-03-08 16:35:06,26,13,13
2020-03-08 16:49:38,2020-03-08 18:59:42,7804,7324,480
2020-03-08 20:25:37,2020-03-08 20:26:44,67,15,52
2020-03-08 20:32:02,2020-03-08 21:26:54,3292,3292,0
2020-03-08 21:46:19,2020-03-09 04:18:39,23540,23519,21
2020-03-09 04:34:50,2020-03-09 08:26:42,13912,13912,0
2020-03-09 08:40:24,2020-03-09 08:40:44,20,20,0
2020-03-09 08:42:48,2020-03-09 08:43:47,59,13,46
2020-03-09 08:50:14,2020-03-09 09:53:04,3770,3770,0
2020-03-09 11:18:16,2020-03-09 11:20:23,127,127,0
2020-03-09 11:26:10,2020-03-09 12:05:48,2378,2378,0
2020-03-09 12:09:30,2020-03-09 12:10:46,76,76,0
2020-03-09 14:58:33,2020-03-09 14:59:07,34,34,0
2020-03-09 15:06:37,2020-03-09 15:41:43,2106,2106,0
2020-03-09 15:50:19,2020-03-09 15:51:10,51,51,0
2020-03-09 15:55:19,2020-03-09 17:13:25,4686,4686,0
2020-03-09 18:07:58,2020-03-09 18:08:28,30,30,0
2020-03-09 18:14:41,2020-03-09 19:07:14,3153,3153,0
2020-03-09 19:11:33,2020-03-09 19:32:45,1272,792,480
2020-03-09 20:27:27,2020-03-09 20:34:20,413,413,0
2020-03-09 20:44:27,2020-03-09 21:36:45,3138,3138,0
2020-03-09 21:51:23,2020-03-09 21:51:57,34,15,19
2020-03-09 21:54:16,2020-03-10 04:49:51,24935,24774,161
2020-03-10 05:02:07,2020-03-10 08:20:01,11874,11874,0
2020-03-10 08:35:33,2020-03-10 09:59:33,5040,5040,0
2020-03-10 11:07:52,2020-03-10 11:09:18,86,86,0
2020-03-10 11:13:23,2020-03-10 11:53:55,2432,2432,0
2020-03-10 14:41:01,2020-03-10 14:43:37,156,156,0
2020-03-10 14:47:28,2020-03-10 14:59:18,710,710,0
2020-03-10 15:04:45,2020-03-10 15:52:58,2893,2736,157
2020-03-10 16:01:01,2020-03-10 16:04:52,231,28,203
2020-03-10 17:12:26,2020-03-10 17:16:38,252,252,0
2020-03-10 17:20:03,2020-03-10 17:58:28,2305,2305,0
2020-03-10 19:14:37,2020-03-10 19:15:29,52,44,8
2020-03-10 19:21:40,2020-03-10 19:26:26,286,286,0
2020-03-10 19:29:59,2020-03-10 20:08:23,2304,2304,0
2020-03-10 21:22:25,2020-03-10 21:24:04,99,95,4
2020-03-10 21:52:12,2020-03-10 21:54:30,138,18,120
2020-03-10 22:16:20,2020-03-10 22:20:10,230,230,0
2020-03-10 22:23:01,2020-03-11 04:55:04,23523,23408,115
2020-03-11 05:10:12,2020-03-11 09:24:12,15240,15240,0
2020-03-11 10:29:14,2020-03-11 10:30:29,75,75,0
2020-03-11 10:38:37,2020-03-11 10:40:10,93,93,0
2020-03-11 10:41:47,2020-03-11 11:12:12,1825,1825,0
2020-03-11 14:02:56,2020-03-11 14:04:19,83,83,0
2020-03-11 14:10:04,2020-03-11 15:25:09,4505,4505,0
2020-03-11 16:22:07,2020-03-11 16:22:36,29,13,16
2020-03-11 16:35:08,2020-03-11 18:11:45,5797,5305,492
2020-03-11 19:05:51,2020-03-11 20:33:15,5244,4804,440
2020-03-11 21:11:23,2020-03-11 21:11:39,16,16,0
2020-03-11 21:17:28,2020-03-11 21:43:49,1581,1581,0
2020-03-11 22:00:32,2020-03-12 04:04:02,21810,21157,653
2020-03-12 04:20:02,2020-03-12 07:51:36,12694,12466,228
2020-03-12 08:07:08,2020-03-12 08:49:04,2516,2073,443
2020-03-12 08:49:13,2020-03-12 08:49:22,9,9,0
2020-03-12 10:34:54,2020-03-12 10:35:47,53,12,41
2020-03-12 10:41:03,2020-03-12 11:34:21,3198,2691,507
2020-03-12 13:29:30,2020-03-12 13:29:53,23,13,10
2020-03-12 13:33:40,2020-03-12 14:17:45,2645,2645,0
2020-03-12 15:34:26,2020-03-12 15:36:43,137,137,0
2020-03-12 15:43:19,2020-03-12 15:45:08,109,25,84
2020-03-12 15:47:38,2020-03-12 16:24:47,2229,2109,120
2020-03-12 17:26:38,2020-03-12 17:28:25,107,13,94
2020-03-12 17:32:48,2020-03-12 18:22:08,2960,2084,876
2020-03-12 19:03:32,2020-03-12 19:03:40,8,8,0
2020-03-12 19:10:41,2020-03-12 19:25:38,897,543,354
2020-03-12 20:07:57,2020-03-12 20:09:34,97,13,84
2020-03-12 20:13:03,2020-03-12 20:16:45,222,1,221
2020-03-12 20:18:57,2020-03-12 20:56:04,2227,2109,118
2020-03-12 21:32:24,2020-03-12 21:32:58,34,34,0
2020-03-12 21:48:41,2020-03-12 22:04:35,954,190,764
2020-03-12 22:14:48,2020-03-13 04:34:19,22771,21712,1059
2020-03-13 04:51:51,2020-03-13 08:43:49,13918,13918,0
2020-03-13 08:56:55,2020-03-13 09:16:14,1159,202,957
2020-03-13 10:27:20,2020-03-13 10:30:52,212,212,0
2020-03-13 10:37:35,2020-03-13 11:17:20,2385,2360,25
2020-03-13 13:57:59,2020-03-13 13:58:25,26,13,13
2020-03-13 14:30:16,2020-03-13 14:37:14,418,13,405
2020-03-13 14:42:50,2020-03-13 15:26:09,2599,2358,241
2020-03-13 17:04:42,2020-03-13 17:08:23,221,111,110
2020-03-13 17:21:01,2020-03-13 18:05:52,2691,2691,0
2020-03-13 19:29:16,2020-03-13 19:32:17,181,20,161
2020-03-13 19:36:58,2020-03-13 19:39:12,134,115,19
2020-03-13 19:41:20,2020-03-13 19:48:24,424,57,367
2020-03-13 20:36:05,2020-03-13 20:40:02,237,237,0
2020-03-13 20:45:02,2020-03-13 21:24:37,2375,2375,0
2020-03-13 21:38:16,2020-03-13 21:44:14,358,311,47
2020-03-13 21:42:36,2020-03-13 21:42:36,0,0,0
2020-03-13 21:41:49,2020-03-13 21:41:59,10,10,0
2020-03-13 21:57:12,2020-03-13 22:10:12,780,634,146
2020-03-13 22:18:56,2020-03-13 22:31:56,780,745,35
2020-03-13 22:57:49,2020-03-14 05:04:10,21981,21959,22
2020-03-14 05:22:43,2020-03-14 08:58:57,12974,12896,78
2020-03-14 09:18:21,2020-03-14 09:26:47,506,497,9
2020-03-14 10:36:44,2020-03-14 10:37:59,75,42,33
2020-03-14 10:41:48,2020-03-14 11:20:26,2318,2318,0
2020-03-14 12:49:41,2020-03-14 12:51:58,137,111,26
2020-03-14 13:02:56,2020-03-14 13:57:04,3248,3248,0
2020-03-14 18:41:36,2020-03-14 18:42:25,49,49,0
2020-03-14 18:47:30,2020-03-14 19:32:23,2693,2693,0
2020-03-14 20:16:07,2020-03-14 20:16:34,27,15,12
2020-03-14 20:21:56,2020-03-14 21:16:36,3280,3280,0
2020-03-14 21:22:21,2020-03-14 21:34:43,742,742,0
2020-03-14 21:35:02,2020-03-15 04:55:51,26449,25969,480
2020-03-15 05:08:49,2020-03-15 09:21:46,15177,15177,0
2020-03-23 19:26:28,2020-03-23 19:28:28,120,120,0
2020-03-23 19:32:00,2020-03-23 19:32:07,7,7,0
2020-03-23 19:50:53,2020-03-23 19:52:23,90,90,0
2020-03-23 19:53:21,2020-03-23 19:54:49,88,88,0
2020-03-23 20:01:48,2020-03-23 20:12:29,641,199,442
2020-03-23 20:34:36,2020-03-23 20:42:05,449,37,412
2020-03-23 20:48:47,2020-03-24 06:12:36,33829,33349,480
2020-03-24 06:32:30,2020-03-24 09:20:37,10087,10087,0
2020-03-24 11:11:24,2020-03-24 11:13:35,131,13,118
2020-03-24 11:15:16,2020-03-24 11:16:21,65,65,0
2020-03-24 11:18:54,2020-03-24 11:53:56,2102,2102,0
2020-03-24 16:05:54,2020-03-24 16:07:51,117,117,0
2020-03-24 16:11:34,2020-03-24 17:23:03,4289,3792,497
2020-03-24 17:46:58,2020-03-24 17:52:34,336,336,0
2020-03-24 19:00:42,2020-03-24 19:04:15,213,213,0
2020-03-24 19:09:37,2020-03-24 20:09:12,3575,3497,78
2020-03-24 21:01:23,2020-03-24 21:02:19,56,56,0
2020-03-24 21:04:32,2020-03-24 21:08:59,267,29,238
2020-03-24 21:15:27,2020-03-25 05:25:44,29417,28457,960
2020-03-25 05:37:37,2020-03-25 08:37:20,10783,10783,0
2020-03-25 10:21:32,2020-03-25 10:22:53,81,81,0
2020-03-25 10:30:38,2020-03-25 11:13:09,2551,2551,0
2020-03-25 13:07:10,2020-03-25 13:08:44,94,94,0
2020-03-25 13:12:44,2020-03-25 13:55:38,2574,2574,0
2020-03-25 15:23:37,2020-03-25 15:27:58,261,119,142
2020-03-25 15:26:22,2020-03-25 15:27:28,66,27,39
2020-03-25 15:31:24,2020-03-25 15:31:53,29,29,0
2020-03-25 15:34:38,2020-03-25 18:17:23,9765,8805,960
2020-03-25 20:07:57,2020-03-25 20:08:56,59,59,0
2020-03-25 20:14:52,2020-03-25 20:16:46,114,114,0
2020-03-25 20:21:02,2020-03-26 03:28:09,25627,25568,59
2020-03-26 03:39:16,2020-03-26 07:20:31,13275,12795,480
2020-03-26 07:33:26,2020-03-26 07:36:37,191,191,0
2020-03-26 07:45:13,2020-03-26 07:47:21,128,128,0
2020-03-26 07:46:15,2020-03-26 07:48:19,124,124,0
2020-03-26 08:40:27,2020-03-26 08:42:40,133,22,111
2020-03-26 08:50:53,2020-03-26 08:51:59,66,66,0
2020-03-26 08:53:08,2020-03-26 09:43:41,3033,3033,0
2020-03-26 13:41:13,2020-03-26 13:41:51,38,12,26
2020-03-26 13:48:23,2020-03-26 15:42:12,6829,6349,480
2020-03-26 17:19:23,2020-03-26 17:20:42,79,79,0
2020-03-26 17:25:37,2020-03-26 18:13:41,2884,2866,18
2020-03-26 19:58:22,2020-03-26 19:59:30,68,68,0
2020-03-26 20:09:54,2020-03-26 20:47:57,2283,1980,303
2020-03-26 21:11:17,2020-03-26 21:13:32,135,135,0
2020-03-26 21:18:44,2020-03-26 21:19:28,44,44,0
2020-03-26 21:23:05,2020-03-26 21:40:13,1028,253,775
2020-03-26 21:44:26,2020-03-27 06:48:21,32635,32155,480
2020-03-27 07:00:51,2020-03-27 07:07:41,410,310,100
2020-03-27 07:18:06,2020-03-27 08:25:17,4031,3848,183
2020-03-27 10:24:11,2020-03-27 10:25:04,53,17,36
2020-03-27 10:30:13,2020-03-27 11:06:44,2191,2042,149
2020-03-27 11:39:18,2020-03-27 11:40:15,57,13,44
2020-03-27 11:48:27,2020-03-27 11:51:59,212,16,196
2020-03-27 15:22:54,2020-03-27 15:23:23,29,13,16
2020-03-27 15:30:09,2020-03-27 16:25:06,3297,3061,236
2020-03-27 17:14:44,2020-03-27 17:17:09,145,84,61
2020-03-27 17:22:21,2020-03-27 18:18:41,3380,2420,960
2020-03-27 20:06:56,2020-03-27 20:09:49,173,18,155
2020-03-27 20:17:07,2020-03-28 06:28:15,36668,36668,0
2020-03-28 06:37:51,2020-03-28 09:31:37,10426,9946,480
2020-03-28 10:59:33,2020-03-28 11:00:30,57,15,42
2020-03-28 11:02:15,2020-03-28 11:38:26,2171,2157,14
2020-03-28 15:27:04,2020-03-28 15:28:00,56,16,40
2020-03-28 15:35:58,2020-03-28 16:28:13,3135,3114,21
2020-03-28 17:30:50,2020-03-28 17:30:58,8,8,0
2020-03-28 17:34:01,2020-03-28 17:36:50,169,19,150
2020-03-28 17:45:33,2020-03-28 18:48:58,3805,3788,17
2020-03-28 18:45:29,2020-03-28 18:45:47,18,18,0
2020-03-28 19:34:54,2020-03-28 19:36:16,82,26,56
2020-03-28 19:47:21,2020-03-29 05:07:19,33598,32638,960
2020-03-29 05:27:22,2020-03-29 05:28:05,43,17,26
2020-03-29 05:27:23,2020-03-29 05:30:50,207,207,0
2020-03-29 05:32:51,2020-03-29 05:39:14,383,28,355
2020-03-29 05:48:14,2020-03-29 08:46:45,10711,10231,480
2020-03-29 09:54:01,2020-03-29 09:57:52,231,231,0
2020-03-29 10:11:32,2020-03-29 10:40:40,1748,1748,0
2020-03-29 14:25:30,2020-03-29 14:25:59,29,29,0
2020-03-29 14:28:47,2020-03-29 14:29:32,45,39,6
2020-03-29 14:40:21,2020-03-29 15:11:21,1860,1860,0
2020-03-29 16:47:14,2020-03-29 16:48:15,61,61,0
2020-03-29 16:51:08,2020-03-29 17:38:36,2848,2848,0
2020-03-29 18:12:38,2020-03-29 18:13:06,28,28,0
2020-03-29 18:58:41,2020-03-29 18:58:52,11,11,0
2020-03-29 19:00:11,2020-03-29 19:01:17,66,66,0
2020-03-29 19:08:27,2020-03-29 19:45:15,2208,2208,0
2020-03-29 20:48:40,2020-03-29 20:49:49,69,69,0
2020-03-29 20:57:51,2020-03-29 20:59:58,127,127,0
2020-03-29 20:58:23,2020-03-29 20:58:52,29,29,0
2020-03-29 21:02:13,2020-03-29 21:11:33,560,316,244
2020-03-29 21:18:15,2020-03-29 21:31:34,799,799,0
2020-03-29 21:33:08,2020-03-29 21:33:40,32,32,0
2020-03-29 21:53:18,2020-03-29 21:54:53,95,27,68
2020-03-29 21:54:00,2020-03-30 03:49:25,21325,20810,515
2020-03-30 04:07:26,2020-03-30 04:11:25,239,175,64
2020-03-30 04:12:46,2020-03-30 08:37:19,15873,15873,0
2020-03-30 10:14:33,2020-03-30 10:15:04,31,24,7
2020-03-30 10:19:21,2020-03-30 10:53:25,2044,2044,0
2020-03-30 14:58:02,2020-03-30 15:02:01,239,234,5
2020-03-30 15:11:14,2020-03-30 16:16:30,3916,3469,447
2020-03-30 17:35:38,2020-03-30 17:38:36,178,178,0
2020-03-30 17:44:46,2020-03-30 18:34:34,2988,2976,12
2020-03-30 19:41:34,2020-03-30 19:42:48,74,21,53
2020-03-30 19:44:43,2020-03-30 19:49:40,297,78,219
2020-03-30 20:00:12,2020-03-31 07:22:50,40958,40958,0
2020-03-31 07:34:10,2020-03-31 07:37:15,185,185,0
2020-03-31 07:42:30,2020-03-31 07:56:25,835,830,5
2020-03-31 08:00:58,2020-03-31 10:24:53,8635,8635,0
2020-03-31 11:18:07,2020-03-31 11:19:36,89,89,0
2020-03-31 11:29:39,2020-03-31 11:33:11,212,207,5
2020-03-31 11:33:43,2020-03-31 12:28:14,3271,3271,0
2020-03-31 13:51:00,2020-03-31 13:52:27,87,87,0
2020-03-31 13:54:26,2020-03-31 13:57:37,191,27,164
2020-03-31 14:01:36,2020-03-31 14:03:54,138,109,29
2020-03-31 14:06:14,2020-03-31 14:10:47,273,83,190
2020-03-31 14:49:01,2020-03-31 14:50:05,64,64,0
2020-03-31 14:57:04,2020-03-31 15:33:53,2209,2209,0
2020-03-31 19:15:22,2020-03-31 19:18:45,203,203,0
2020-03-31 19:22:37,2020-03-31 20:22:53,3616,3616,0
2020-03-31 21:22:27,2020-03-31 21:22:34,7,7,0
2020-03-31 21:30:35,2020-03-31 21:33:57,202,17,185
2020-03-31 21:41:42,2020-03-31 21:50:31,529,141,388
2020-03-31 21:58:21,2020-03-31 22:08:39,618,138,480
2020-03-31 22:20:37,2020-03-31 22:23:52,195,51,144
2020-03-31 22:29:55,2020-04-01 06:15:08,27913,27913,0
2020-04-01 06:31:26,2020-04-01 09:29:24,10678,10678,0
2020-04-01 10:50:42,2020-04-01 10:52:08,86,86,0
2020-04-01 10:56:44,2020-04-01 11:36:11,2367,2367,0
2020-04-01 13:06:55,2020-04-01 13:08:07,72,72,0
2020-04-01 13:12:22,2020-04-01 13:16:08,226,30,196
2020-04-01 13:21:26,2020-04-01 14:02:49,2483,2003,480
2020-04-01 15:32:30,2020-04-01 15:33:22,52,52,0
2020-04-01 15:37:02,2020-04-01 15:40:38,216,16,200
2020-04-01 15:50:02,2020-04-01 16:35:34,2732,2732,0
2020-04-01 18:15:30,2020-04-01 18:21:08,338,30,308
2020-04-01 18:29:06,2020-04-01 19:14:41,2735,1909,826
2020-04-01 20:27:15,2020-04-01 20:29:08,113,98,15
2020-04-01 20:39:00,2020-04-01 20:41:27,147,14,133
2020-04-01 20:48:05,2020-04-01 20:55:02,417,52,365
2020-04-01 21:01:14,2020-04-02 06:21:28,33614,33134,480
2020-04-02 06:49:44,2020-04-02 06:53:45,241,133,108
2020-04-02 06:56:29,2020-04-02 09:44:13,10064,9584,480
2020-04-02 11:18:17,2020-04-02 11:19:40,83,83,0
2020-04-02 11:23:32,2020-04-02 11:59:17,2145,2049,96
2020-04-02 13:09:16,2020-04-02 13:10:37,81,81,0
2020-04-02 13:44:49,2020-04-02 13:45:32,43,43,0
2020-04-02 13:48:32,2020-04-02 14:32:28,2636,2636,0
2020-04-02 16:15:33,2020-04-02 16:17:48,135,135,0
2020-04-02 16:20:37,2020-04-02 16:24:35,238,16,222
2020-04-02 16:31:39,2020-04-02 16:36:19,280,10,270
2020-04-02 16:41:09,2020-04-02 17:22:16,2467,1987,480
2020-04-02 19:15:41,2020-04-02 19:18:35,174,174,0
2020-04-02 19:23:30,2020-04-02 20:33:12,4182,4182,0
2020-04-02 20:48:50,2020-04-02 20:54:44,354,354,0
2020-04-02 20:57:22,2020-04-03 06:57:58,36036,35076,960
2020-04-03 07:14:09,2020-04-03 07:20:18,369,369,0
2020-04-03 07:27:51,2020-04-03 07:32:48,297,19,278
2020-04-03 07:36:36,2020-04-03 09:36:31,7195,6715,480
2020-04-03 11:06:03,2020-04-03 11:07:17,74,74,0
2020-04-03 11:14:28,2020-04-03 11:54:23,2395,2395,0
2020-04-03 13:32:24,2020-04-03 13:33:09,45,45,0
2020-04-03 13:39:08,2020-04-03 14:17:27,2299,2299,0
2020-04-03 16:18:36,2020-04-03 16:19:35,59,59,0
2020-04-03 16:24:16,2020-04-03 16:29:23,307,307,0
2020-04-03 16:35:09,2020-04-03 17:26:45,3096,3096,0
2020-04-03 18:00:57,2020-04-03 18:02:00,63,24,39
2020-04-03 18:57:31,2020-04-03 18:58:03,32,32,0
2020-04-03 19:00:49,2020-04-03 19:02:44,115,115,0
2020-04-03 19:06:32,2020-04-03 19:48:24,2512,2032,480
2020-04-03 21:32:28,2020-04-03 21:32:43,15,15,0
2020-04-03 21:37:29,2020-04-03 21:40:55,206,70,136
2020-04-03 21:42:25,2020-04-03 21:44:29,124,12,112
2020-04-03 21:47:14,2020-04-03 22:40:08,3174,3158,16
2020-04-03 22:42:44,2020-04-04 07:53:52,33068,33068,0
2020-04-04 08:04:31,2020-04-04 08:06:23,112,112,0
2020-04-04 08:08:31,2020-04-04 09:32:40,5049,4569,480
2020-04-04 11:26:32,2020-04-04 11:29:34,182,182,0
2020-04-04 11:34:50,2020-04-04 12:18:56,2646,2646,0
2020-04-04 13:48:01,2020-04-04 13:49:55,114,114,0
2020-04-04 13:52:12,2020-04-04 14:41:40,2968,2968,0
2020-04-04 16:22:15,2020-04-04 16:23:10,55,55,0
2020-04-04 16:23:47,2020-04-04 16:24:25,38,38,0
2020-04-04 16:28:04,2020-04-04 17:14:35,2791,2311,480
2020-04-04 18:55:48,2020-04-04 19:00:02,254,254,0
2020-04-04 19:03:41,2020-04-04 19:04:39,58,32,26
2020-04-04 20:02:40,2020-04-04 20:03:39,59,59,0
2020-04-04 20:07:30,2020-04-04 20:11:04,214,11,203
2020-04-04 20:13:45,2020-04-04 21:07:27,3222,2742,480
2020-04-04 21:09:16,2020-04-05 05:40:34,30678,30198,480
2020-04-05 05:59:17,2020-04-05 06:02:17,180,17,163
2020-04-05 06:03:02,2020-04-05 10:13:19,15017,13649,1368
2020-04-05 11:42:40,2020-04-05 11:46:22,222,27,195
2020-04-05 11:50:11,2020-04-05 12:40:29,3018,3018,0
2020-04-05 14:22:38,2020-04-05 14:23:53,75,75,0
2020-04-05 14:28:05,2020-04-05 14:29:05,60,60,0
2020-04-05 14:36:55,2020-04-05 15:21:58,2703,2703,0
2020-04-05 16:13:00,2020-04-05 16:14:11,71,71,0
2020-04-05 16:17:41,2020-04-05 16:21:14,213,73,140
2020-04-05 16:27:13,2020-04-05 17:08:27,2474,1994,480
2020-04-05 18:35:57,2020-04-05 19:23:45,2868,2868,0
2020-04-05 20:44:54,2020-04-05 20:45:17,23,23,0
2020-04-05 20:50:06,2020-04-05 20:51:39,93,93,0
2020-04-05 20:52:33,2020-04-06 04:46:32,28439,28439,0
2020-04-06 05:03:06,2020-04-06 09:44:53,16907,16748,159
2020-04-06 11:04:01,2020-04-06 11:04:57,56,56,0
2020-04-06 11:09:22,2020-04-06 11:12:32,190,22,168
2020-04-06 11:13:25,2020-04-06 11:52:43,2358,2358,0
2020-04-06 13:23:35,2020-04-06 13:24:42,67,67,0
2020-04-06 13:29:48,2020-04-06 14:15:41,2753,2266,487
2020-04-06 14:14:42,2020-04-06 14:14:49,7,7,0
2020-04-06 15:52:17,2020-04-06 15:53:05,48,48,0
2020-04-06 15:58:42,2020-04-06 15:59:33,51,12,39
2020-04-06 16:00:24,2020-04-06 16:44:37,2653,2173,480
2020-04-06 18:16:14,2020-04-06 18:17:58,104,104,0
2020-04-06 18:19:47,2020-04-06 18:32:52,785,305,480
2020-04-06 18:36:47,2020-04-06 18:40:03,196,33,163
2020-04-06 18:48:22,2020-04-06 19:29:04,2442,1962,480
2020-04-06 21:03:22,2020-04-06 21:04:05,43,43,0
2020-04-06 21:07:55,2020-04-06 21:08:31,36,18,18
2020-04-06 21:11:05,2020-04-06 21:15:04,239,28,211
2020-04-06 21:16:24,2020-04-07 04:38:29,26525,26045,480
2020-04-07 04:54:44,2020-04-07 04:59:49,305,305,0
2020-04-07 05:02:37,2020-04-07 08:59:09,14192,14192,0
2020-04-07 10:31:10,2020-04-07 10:32:03,53,53,0
2020-04-07 10:30:07,2020-04-07 11:16:45,2798,2318,480
2020-04-07 13:19:00,2020-04-07 13:20:34,94,94,0
2020-04-07 13:22:05,2020-04-07 14:03:56,2511,2430,81
2020-04-07 15:43:24,2020-04-07 15:44:45,81,81,0
2020-04-07 15:46:20,2020-04-07 16:37:09,3049,2569,480
2020-04-07 18:34:30,2020-04-07 18:35:42,72,72,0
2020-04-07 18:37:33,2020-04-07 18:38:54,81,81,0
2020-04-07 18:38:11,2020-04-07 19:27:36,2965,2965,0
2020-04-07 20:47:35,2020-04-07 20:48:47,72,72,0
2020-04-07 20:50:31,2020-04-07 20:53:56,205,16,189
2020-04-07 20:56:54,2020-04-07 21:44:43,2869,2869,0
2020-04-07 21:46:59,2020-04-07 21:56:02,543,543,0
2020-04-07 22:04:38,2020-04-07 22:06:52,134,76,58
2020-04-07 22:12:12,2020-04-07 22:28:14,962,25,937
2020-04-07 22:34:40,2020-04-07 22:34:45,5,5,0
2020-04-07 22:48:40,2020-04-08 06:13:13,26673,26193,480
2020-04-08 06:25:05,2020-04-08 06:48:15,1390,910,480
2020-04-08 06:50:12,2020-04-08 09:38:15,10083,9603,480
2020-04-08 11:03:36,2020-04-08 11:04:53,77,77,0
2020-04-08 11:06:34,2020-04-08 11:08:49,135,18,117
2020-04-08 11:11:53,2020-04-08 11:59:38,2865,2385,480
2020-04-08 13:53:40,2020-04-08 13:55:51,131,131,0
2020-04-08 14:00:57,2020-04-08 14:46:20,2723,2243,480
2020-04-08 15:23:42,2020-04-08 15:24:27,45,13,32
2020-04-08 15:25:12,2020-04-08 15:26:22,70,70,0
2020-04-08 15:29:44,2020-04-08 15:32:43,179,174,5
2020-04-08 15:33:42,2020-04-08 15:36:58,196,14,182
2020-04-08 16:15:32,2020-04-08 16:16:33,61,61,0
2020-04-08 16:18:48,2020-04-08 16:20:09,81,16,65
2020-04-08 16:22:10,2020-04-08 16:24:31,141,16,125
2020-04-08 16:27:58,2020-04-08 17:22:59,3301,2821,480
2020-04-08 17:40:22,2020-04-08 17:40:28,6,6,0
2020-04-08 17:44:35,2020-04-08 19:38:45,6850,6370,480
2020-04-08 21:20:40,2020-04-08 21:21:45,65,65,0
2020-04-08 21:24:54,2020-04-08 21:27:17,143,19,124
2020-04-08 21:28:53,2020-04-09 07:07:41,34728,34248,480
2020-04-09 07:16:56,2020-04-09 07:25:22,506,272,234
2020-04-09 07:26:26,2020-04-09 09:12:30,6364,5884,480
2020-04-09 09:13:40,2020-04-09 09:13:54,14,14,0
2020-04-09 10:33:20,2020-04-09 10:35:11,111,111,0
2020-04-09 10:37:17,2020-04-09 10:40:00,163,14,149
2020-04-09 10:40:30,2020-04-09 10:41:20,50,50,0
2020-04-09 10:40:56,2020-04-09 11:18:26,2250,1770,480
2020-04-09 14:29:07,2020-04-09 14:30:36,89,89,0
2020-04-09 14:37:00,2020-04-09 14:38:53,113,43,70
2020-04-09 14:38:46,2020-04-09 14:42:25,219,8,211
2020-04-09 14:44:39,2020-04-09 15:30:22,2743,2263,480
2020-04-09 15:36:27,2020-04-09 15:36:31,4,4,0
2020-04-09 16:09:24,2020-04-09 16:09:44,20,20,0
2020-04-09 16:33:59,2020-04-09 16:34:40,41,34,7
2020-04-09 16:39:35,2020-04-09 16:41:21,106,12,94
2020-04-09 16:42:42,2020-04-09 17:37:24,3282,2588,694
2020-04-09 17:39:06,2020-04-09 17:42:28,202,10,192
2020-04-09 19:22:55,2020-04-09 19:23:23,28,28,0
2020-04-09 19:26:20,2020-04-09 19:26:48,28,23,5
2020-04-09 19:31:12,2020-04-09 19:33:12,120,19,101
2020-04-09 19:30:46,2020-04-09 20:11:11,2425,1725,700
2020-04-09 21:23:18,2020-04-09 21:24:25,67,67,0
2020-04-09 21:26:29,2020-04-09 21:26:47,18,18,0
2020-04-09 21:25:49,2020-04-09 21:26:22,33,26,7
2020-04-09 21:43:15,2020-04-09 21:49:28,373,13,360
2020-04-09 21:51:05,2020-04-09 22:43:12,3127,2647,480
2020-04-09 22:46:56,2020-04-09 22:47:26,30,9,21
2020-04-09 22:49:17,2020-04-09 23:11:30,1333,853,480
2020-04-09 23:16:31,2020-04-10 06:15:44,25153,25153,0
2020-04-10 06:27:17,2020-04-10 09:31:00,11023,11023,0
2020-04-10 10:56:25,2020-04-10 10:57:51,86,86,0
2020-04-10 10:59:18,2020-04-10 11:03:19,241,15,226
2020-04-10 11:06:46,2020-04-10 11:43:46,2220,1740,480
2020-04-10 15:20:29,2020-04-10 15:21:44,75,75,0
2020-04-10 15:28:13,2020-04-10 15:31:06,173,25,148
2020-04-10 15:34:05,2020-04-10 15:37:05,180,11,169
2020-04-10 15:39:40,2020-04-10 16:22:27,2567,2045,522
2020-04-10 17:46:05,2020-04-10 17:48:53,168,15,153
2020-04-10 17:55:08,2020-04-10 17:55:55,47,22,25
2020-04-10 17:58:20,2020-04-10 17:58:56,36,3,33
2020-04-10 18:06:02,2020-04-10 18:38:36,1954,1101,853
2020-04-10 18:42:57,2020-04-10 18:44:51,114,114,0
2020-04-10 19:36:05,2020-04-10 19:37:05,60,60,0
2020-04-10 19:38:39,2020-04-10 19:40:15,96,15,81
2020-04-10 19:42:45,2020-04-10 20:25:20,2555,2075,480
2020-04-10 21:19:14,2020-04-10 21:19:27,13,13,0
2020-04-10 21:17:17,2020-04-10 21:18:17,60,8,52
2020-04-10 21:23:41,2020-04-10 21:27:30,229,9,220
2020-04-10 21:30:55,2020-04-10 21:36:48,353,24,329
2020-04-10 21:40:49,2020-04-11 06:16:52,30963,30483,480
2020-04-11 06:30:49,2020-04-11 09:01:07,9018,9014,4
2020-04-11 10:17:18,2020-04-11 11:03:24,2766,2286,480
2020-04-11 12:41:16,2020-04-11 12:42:29,73,62,11
2020-04-11 12:44:59,2020-04-11 12:46:12,73,14,59
2020-04-11 12:54:27,2020-04-11 13:33:01,2314,1834,480
2020-04-11 13:54:46,2020-04-11 13:57:33,167,46,121
2020-04-11 13:59:55,2020-04-11 14:01:07,72,12,60
2020-04-11 14:02:48,2020-04-11 14:08:01,313,156,157
2020-04-11 14:12:22,2020-04-11 14:32:04,1182,634,548
2020-04-11 16:09:43,2020-04-11 16:11:16,93,93,0
2020-04-11 16:16:46,2020-04-11 17:03:09,2783,2297,486
2020-04-11 17:01:07,2020-04-11 17:52:22,3075,2038,1037
2020-04-11 18:55:01,2020-04-11 18:56:23,82,82,0
2020-04-11 19:00:21,2020-04-11 19:01:20,59,13,46
2020-04-11 19:05:51,2020-04-11 19:51:28,2737,1934,803
2020-04-11 20:52:24,2020-04-11 20:53:54,90,90,0
2020-04-11 20:56:33,2020-04-12 06:51:37,35704,35224,480
2020-04-12 07:09:01,2020-04-12 09:14:09,7508,7352,156
2020-04-12 10:41:19,2020-04-12 10:41:55,36,36,0
2020-04-12 10:45:00,2020-04-12 11:25:25,2425,1945,480
2020-04-12 15:25:58,2020-04-12 15:30:26,268,19,249
2020-04-12 15:32:46,2020-04-12 15:34:36,110,10,100
2020-04-12 15:41:34,2020-04-12 16:38:23,3409,2567,842
2020-04-12 18:12:36,2020-04-12 18:13:21,45,45,0
2020-04-12 18:17:19,2020-04-12 18:44:47,1648,1168,480
2020-04-12 19:01:20,2020-04-12 19:03:38,138,25,113
2020-04-12 19:09:44,2020-04-12 19:11:08,84,11,73
2020-04-12 19:13:14,2020-04-12 19:15:50,156,9,147
2020-04-12 19:20:03,2020-04-12 19:24:55,292,1,291
2020-04-12 19:28:08,2020-04-12 19:35:22,434,8,426
2020-04-12 19:38:46,2020-04-12 19:43:03,257,16,241
2020-04-12 19:47:22,2020-04-12 19:49:16,114,15,99
2020-04-12 20:18:54,2020-04-12 20:23:29,275,49,226
2020-04-12 20:28:14,2020-04-13 05:17:44,31770,31290,480
2020-04-13 05:29:57,2020-04-13 09:03:41,12824,12817,7
2020-04-13 09:51:50,2020-04-13 09:53:50,120,120,0
2020-04-13 09:53:24,2020-04-13 09:54:42,78,6,72
2020-04-13 09:58:58,2020-04-13 10:02:14,196,8,188
2020-04-13 10:02:45,2020-04-13 10:39:09,2184,1704,480
2020-04-13 11:28:06,2020-04-13 11:28:54,48,18,30
2020-04-13 11:31:08,2020-04-13 11:33:57,169,8,161
2020-04-13 14:52:45,2020-04-13 14:54:18,93,93,0
2020-04-13 14:59:35,2020-04-13 16:34:05,5670,5124,546
2020-04-13 18:05:45,2020-04-13 18:08:57,192,19,173
2020-04-13 18:13:57,2020-04-13 18:16:24,147,147,0
2020-04-13 18:23:49,2020-04-13 19:05:21,2492,1651,841
2020-04-13 19:54:03,2020-04-13 19:55:06,63,32,31
2020-04-13 19:58:18,2020-04-13 20:03:10,292,9,283
2020-04-13 20:08:06,2020-04-14 05:47:40,34774,34774,0
2020-04-14 06:04:19,2020-04-14 06:13:00,521,41,480
2020-04-14 06:14:25,2020-04-14 09:00:48,9983,9503,480
2020-04-14 09:56:05,2020-04-14 09:56:11,6,6,0
2020-04-14 10:40:47,2020-04-14 10:42:06,79,12,67
2020-04-14 10:44:07,2020-04-14 11:33:25,2958,2067,891
2020-04-14 15:31:22,2020-04-14 15:31:40,18,13,5
2020-04-14 15:29:20,2020-04-14 15:37:32,492,12,480
2020-04-14 15:44:45,2020-04-14 17:36:26,6701,6221,480
2020-04-14 18:05:49,2020-04-14 18:06:57,68,39,29
2020-04-14 18:09:23,2020-04-14 18:11:52,149,15,134
2020-04-14 18:12:31,2020-04-14 18:15:11,160,8,152
2020-04-14 19:06:38,2020-04-14 19:08:19,101,39,62
2020-04-14 19:12:28,2020-04-14 19:14:06,98,6,92
2020-04-14 19:16:20,2020-04-14 19:17:34,74,15,59
2020-04-14 19:25:29,2020-04-14 21:12:28,6419,5939,480
2020-04-14 21:16:21,2020-04-15 04:37:58,26497,26497,0
2020-04-15 04:54:28,2020-04-15 04:57:28,180,13,167
2020-04-15 05:03:18,2020-04-15 08:42:04,13126,12646,480
2020-04-15 10:16:56,2020-04-15 10:18:20,84,24,60
2020-04-15 10:20:56,2020-04-15 10:22:29,93,10,83
2020-04-15 10:25:25,2020-04-15 11:10:16,2691,2211,480
2020-04-15 12:36:41,2020-04-15 12:37:30,49,49,0
2020-04-15 12:39:11,2020-04-15 12:41:39,148,28,120
2020-04-15 12:44:15,2020-04-15 12:47:28,193,18,175
2020-04-15 12:50:29,2020-04-15 13:23:11,1962,1482,480
2020-04-15 14:37:02,2020-04-15 14:38:53,111,111,0
2020-04-15 14:39:02,2020-04-15 14:39:17,15,15,0
2020-04-15 15:02:58,2020-04-15 15:03:20,22,22,0
2020-04-15 15:03:45,2020-04-15 15:06:15,150,11,139
2020-04-15 15:11:31,2020-04-15 15:52:30,2459,1560,899
2020-04-15 18:06:35,2020-04-15 18:07:05,30,30,0
2020-04-15 18:23:44,2020-04-15 18:24:07,23,23,0
2020-04-15 18:26:44,2020-04-15 19:14:40,2876,2396,480
2020-04-15 19:39:47,2020-04-15 19:40:18,31,31,0
2020-04-15 19:39:40,2020-04-15 19:40:03,23,23,0
2020-04-15 20:32:29,2020-04-15 20:35:08,159,19,140
2020-04-15 20:33:42,2020-04-15 20:34:34,52,52,0
2020-04-15 20:45:35,2020-04-15 20:48:15,160,13,147
2020-04-15 20:49:12,2020-04-15 20:54:09,297,6,291
2020-04-15 20:54:39,2020-04-15 20:57:44,185,11,174
2020-04-15 20:56:48,2020-04-16 06:03:48,32820,32157,663
2020-04-16 06:19:45,2020-04-16 06:26:36,411,29,382
2020-04-16 06:24:47,2020-04-16 08:54:00,8953,8473,480
2020-04-16 10:27:50,2020-04-16 10:29:39,109,109,0
2020-04-16 10:29:26,2020-04-16 10:31:49,143,26,117
2020-04-16 10:35:53,2020-04-16 11:20:30,2677,2197,480
2020-04-16 13:03:13,2020-04-16 13:05:06,113,27,86
2020-04-16 13:04:43,2020-04-16 13:05:48,65,21,44
2020-04-16 13:08:19,2020-04-16 13:52:35,2656,1772,884
2020-04-16 15:31:13,2020-04-16 15:32:12,59,36,23
2020-04-16 15:36:29,2020-04-16 15:39:15,166,12,154
2020-04-16 15:42:49,2020-04-16 15:51:25,516,35,481
2020-04-16 16:00:35,2020-04-16 16:01:15,40,40,0
2020-04-16 16:04:57,2020-04-16 16:33:54,1737,1737,0
2020-04-16 19:23:22,2020-04-16 19:24:13,51,51,0
2020-04-16 19:25:26,2020-04-16 19:29:52,266,43,223
2020-04-16 19:31:45,2020-04-16 19:33:00,75,13,62
2020-04-16 19:34:06,2020-04-16 19:34:10,4,4,0
2020-04-16 20:16:44,2020-04-16 20:17:32,48,24,24
2020-04-16 20:22:55,2020-04-16 20:24:04,69,17,52
2020-04-16 20:29:46,2020-04-16 20:32:50,184,15,169
2020-04-16 20:34:12,2020-04-16 20:34:15,3,3,0
2020-04-16 20:37:37,2020-04-17 05:55:49,33492,33012,480
2020-04-17 06:14:21,2020-04-17 09:21:16,11215,10735,480
2020-04-17 11:04:47,2020-04-17 11:05:18,31,20,11
2020-04-17 11:11:28,2020-04-17 12:09:42,3494,2653,841
2020-04-17 13:39:00,2020-04-17 13:39:28,28,25,3
2020-04-17 13:44:14,2020-04-17 13:46:54,160,12,148
2020-04-17 13:45:02,2020-04-17 13:45:04,2,2,0
2020-04-17 13:52:26,2020-04-17 14:37:09,2683,2203,480
2020-04-17 16:05:26,2020-04-17 16:05:35,9,9,0
2020-04-17 16:08:35,2020-04-17 16:09:12,37,16,21
2020-04-17 16:12:40,2020-04-17 17:01:31,2931,2093,838
2020-04-17 17:01:49,2020-04-17 17:02:31,42,22,20
2020-04-17 17:43:06,2020-04-17 17:43:37,31,14,17
2020-04-17 18:44:43,2020-04-17 18:45:19,36,17,19
2020-04-17 18:50:44,2020-04-17 19:48:38,3474,2977,497
2020-04-17 21:24:42,2020-04-17 21:28:58,256,62,194
2020-04-17 21:29:27,2020-04-17 21:34:07,280,14,266
2020-04-17 21:37:53,2020-04-17 21:42:35,282,16,266
2020-04-17 21:45:12,2020-04-18 07:50:16,36304,35824,480
2020-04-18 08:04:17,2020-04-18 08:12:55,518,38,480
2020-04-18 08:15:18,2020-04-18 09:28:47,4409,3929,480
2020-04-18 11:26:52,2020-04-18 11:27:21,29,29,0
2020-04-18 11:31:40,2020-04-18 11:34:18,158,16,142
2020-04-18 11:37:31,2020-04-18 12:18:15,2444,1964,480
2020-04-18 17:03:38,2020-04-18 17:04:01,23,23,0
2020-04-18 17:10:31,2020-04-18 17:11:57,86,15,71
2020-04-18 17:11:22,2020-04-18 18:06:54,3332,2819,513
2020-04-18 18:15:14,2020-04-18 18:17:11,117,19,98
2020-04-18 18:18:15,2020-04-18 19:15:17,3422,2942,480
2020-04-18 21:01:47,2020-04-18 21:03:35,108,15,93
2020-04-18 21:04:49,2020-04-18 21:07:39,170,11,159
2020-04-18 21:11:22,2020-04-18 21:14:53,211,11,200
2020-04-18 21:19:19,2020-04-18 21:25:27,368,10,358
2020-04-18 21:27:53,2020-04-19 06:32:40,32687,32207,480
2020-04-19 06:52:58,2020-04-19 10:04:42,11504,11024,480
2020-04-19 12:09:55,2020-04-19 12:50:46,2451,1971,480
2020-04-19 14:11:02,2020-04-19 14:11:10,8,8,0
2020-04-19 14:19:05,2020-04-19 14:24:04,299,30,269
2020-04-19 14:25:21,2020-04-19 15:17:36,3135,2294,841
2020-04-19 16:18:56,2020-04-19 16:19:52,56,14,42
2020-04-19 16:29:28,2020-04-19 16:32:43,195,9,186
2020-04-19 16:37:12,2020-04-19 18:26:41,6569,6089,480
2020-04-19 20:46:42,2020-04-19 20:46:48,6,6,0
2020-04-19 20:47:46,2020-04-19 21:50:46,3780,3300,480
2020-04-19 22:01:02,2020-04-20 06:24:45,30223,29743,480
2020-04-20 06:43:08,2020-04-20 09:49:06,11158,10678,480
2020-04-20 11:30:10,2020-04-20 11:32:09,119,29,90
2020-04-20 11:36:34,2020-04-20 11:36:46,12,12,0
2020-04-20 11:38:26,2020-04-20 12:18:28,2402,1921,481
2020-04-20 13:43:05,2020-04-20 13:43:23,18,18,0
2020-04-20 13:47:50,2020-04-20 13:52:16,266,36,230
2020-04-20 13:53:22,2020-04-20 14:36:51,2609,2045,564
2020-04-20 16:15:28,2020-04-20 16:15:41,13,13,0
2020-04-20 16:19:07,2020-04-20 16:24:33,326,18,308
2020-04-20 16:24:51,2020-04-20 17:16:20,3089,2129,960
2020-04-20 18:52:50,2020-04-20 18:58:24,334,213,121
2020-04-20 19:01:43,2020-04-20 19:55:06,3203,2723,480
2020-04-20 20:56:03,2020-04-20 21:01:21,318,65,253
2020-04-20 21:06:14,2020-04-20 21:10:30,256,21,235
2020-04-20 21:14:30,2020-04-20 21:20:51,381,10,371
2020-04-20 21:24:54,2020-04-21 04:40:30,26136,25176,960
2020-04-21 04:59:34,2020-04-21 09:28:00,16106,15626,480
2020-04-21 11:17:08,2020-04-21 11:21:49,281,281,0
2020-04-21 11:26:46,2020-04-21 12:13:39,2813,2813,0
2020-04-21 13:45:24,2020-04-21 13:49:59,275,275,0
2020-04-21 13:55:52,2020-04-21 13:57:36,104,14,90
2020-04-21 14:01:40,2020-04-21 14:48:15,2795,2795,0
2020-04-21 16:33:03,2020-04-21 16:33:35,32,32,0
2020-04-21 16:33:49,2020-04-21 17:27:20,3211,3211,0
2020-04-21 17:34:37,2020-04-21 18:40:13,3936,3921,15
2020-04-21 18:43:18,2020-04-21 19:37:03,3225,3225,0
2020-04-21 21:21:52,2020-04-21 21:27:35,343,241,102
2020-04-21 21:30:41,2020-04-22 05:35:00,29059,28552,507
2020-04-22 05:55:06,2020-04-22 10:03:42,14916,14436,480
2020-04-22 11:37:59,2020-04-22 11:38:25,26,26,0
2020-04-22 11:43:48,2020-04-22 12:25:47,2519,2039,480
2020-04-22 14:10:14,2020-04-22 14:10:16,2,2,0
2020-04-22 14:10:05,2020-04-22 14:10:07,2,2,0
2020-04-22 14:12:30,2020-04-22 15:25:42,4392,3912,480
2020-04-22 15:26:23,2020-04-22 15:26:32,9,9,0
2020-04-22 17:20:52,2020-04-22 17:21:11,19,17,2
2020-04-22 17:24:12,2020-04-22 17:30:58,406,25,381
2020-04-22 17:32:38,2020-04-22 18:27:11,3273,2793,480
2020-04-22 18:33:12,2020-04-22 18:40:30,438,10,428
2020-04-22 18:44:16,2020-04-22 18:57:51,815,335,480
2020-04-22 20:54:40,2020-04-22 20:57:17,157,157,0
2020-04-22 21:01:49,2020-04-22 21:05:42,233,23,210
2020-04-22 21:12:39,2020-04-22 21:16:44,245,14,231
2020-04-22 21:28:33,2020-04-23 06:58:54,34221,33740,481
2020-04-23 07:11:46,2020-04-23 10:09:31,10665,10665,0
2020-04-23 11:56:36,2020-04-23 11:58:31,115,46,69
2020-04-23 12:01:27,2020-04-23 13:08:42,4035,3555,480
2020-04-23 14:55:09,2020-04-23 14:58:17,188,188,0
2020-04-23 14:57:36,2020-04-23 15:02:19,283,283,0
2020-04-23 15:11:52,2020-04-23 16:02:45,3053,2573,480
2020-04-23 16:02:15,2020-04-23 16:02:24,9,9,0
2020-04-23 17:56:37,2020-04-23 18:00:21,224,18,206
2020-04-23 18:00:29,2020-04-23 18:45:17,2688,2208,480
2020-04-23 18:54:33,2020-04-23 19:55:29,3656,3176,480
2020-04-23 21:33:52,2020-04-23 21:36:41,169,31,138
2020-04-23 21:40:29,2020-04-23 22:30:33,3004,2459,545
2020-04-23 22:33:53,2020-04-24 06:36:56,28983,28023,960
2020-04-24 06:50:28,2020-04-24 09:55:18,11090,10610,480
2020-04-24 11:42:37,2020-04-24 11:43:49,72,72,0
2020-04-24 11:45:49,2020-04-24 11:48:08,139,11,128
2020-04-24 11:53:05,2020-04-24 12:35:54,2569,2088,481
2020-04-24 14:28:55,2020-04-24 14:31:47,172,16,156
2020-04-24 14:32:27,2020-04-24 14:35:55,208,20,188
2020-04-24 14:40:04,2020-04-24 15:29:02,2938,1978,960
2020-04-24 17:55:07,2020-04-24 17:56:05,58,14,44
2020-04-24 17:59:17,2020-04-24 18:01:59,162,8,154
2020-04-24 18:02:06,2020-04-24 19:01:24,3558,3078,480
2020-04-24 19:23:40,2020-04-24 19:26:49,189,189,0
2020-04-24 19:31:38,2020-04-24 20:22:19,3041,2731,310
2020-04-24 21:40:53,2020-04-24 21:42:56,123,57,66
2020-04-24 21:47:39,2020-04-24 21:52:52,313,10,303
2020-04-24 21:56:48,2020-04-24 22:02:13,325,16,309
2020-04-24 22:06:10,2020-04-24 22:09:00,170,10,160
2020-04-24 22:12:18,2020-04-24 22:15:02,164,18,146
2020-04-24 22:16:48,2020-04-24 22:26:37,589,33,556
2020-04-24 22:30:06,2020-04-24 22:31:18,72,9,63
2020-04-24 22:29:08,2020-04-24 22:33:45,277,7,270
2020-04-24 22:42:18,2020-04-24 22:44:41,143,9,134
2020-04-24 22:51:43,2020-04-25 06:33:28,27705,27225,480
2020-04-25 06:42:32,2020-04-25 09:59:03,11791,11311,480
2020-04-25 11:32:51,2020-04-25 11:33:55,64,64,0
2020-04-25 11:36:13,2020-04-25 12:24:15,2882,2336,546
2020-04-25 14:03:41,2020-04-25 14:03:54,13,13,0
2020-04-25 14:07:21,2020-04-25 14:48:26,2465,1623,842
2020-04-25 16:28:29,2020-04-25 16:30:14,105,13,92
2020-04-25 16:32:20,2020-04-25 16:38:11,351,8,343
2020-04-25 16:44:32,2020-04-25 17:25:28,2456,1976,480
2020-04-25 17:26:37,2020-04-25 19:00:51,5654,4694,960
2020-04-25 19:04:22,2020-04-25 19:20:37,975,495,480
2020-04-25 19:21:55,2020-04-25 20:26:47,3892,3892,0
2020-04-25 21:48:40,2020-04-25 21:51:52,192,27,165
2020-04-25 21:51:36,2020-04-25 21:57:35,359,8,351
2020-04-25 22:03:19,2020-04-25 22:12:55,576,8,568
2020-04-25 22:16:23,2020-04-26 04:35:18,22735,22255,480
2020-04-26 04:44:00,2020-04-26 08:15:45,12705,12527,178
2020-04-26 08:24:22,2020-04-26 08:31:38,436,31,405
2020-04-26 08:35:17,2020-04-26 08:41:45,388,11,377
2020-04-26 09:37:59,2020-04-26 09:42:22,263,263,0
2020-04-26 09:46:34,2020-04-26 11:45:42,7148,6294,854
2020-04-26 13:42:55,2020-04-26 13:43:18,23,23,0
2020-04-26 13:46:09,2020-04-26 13:48:49,160,12,148
2020-04-26 13:53:38,2020-04-26 14:33:39,2401,1921,480
2020-04-26 16:41:39,2020-04-26 16:43:41,122,12,110
2020-04-26 16:46:33,2020-04-26 19:24:16,9463,8983,480
2020-04-26 21:01:38,2020-04-26 21:03:07,89,14,75
2020-04-26 21:08:57,2020-04-26 21:49:08,2411,1439,972
2020-04-26 21:53:51,2020-04-26 22:05:26,695,17,678
2020-04-26 22:05:18,2020-04-27 06:41:04,30946,30105,841
2020-04-27 06:59:16,2020-04-27 07:10:38,682,112,570
2020-04-27 07:14:35,2020-04-27 07:18:45,250,9,241
2020-04-27 07:21:51,2020-04-27 07:33:56,725,528,197
2020-04-27 07:35:28,2020-04-27 07:35:31,3,3,0
2020-04-27 07:37:32,2020-04-27 07:46:31,539,59,480
2020-04-27 07:50:07,2020-04-27 07:56:34,387,10,377
2020-04-27 08:00:58,2020-04-27 08:12:51,713,233,480
2020-04-27 08:14:26,2020-04-27 08:18:08,222,9,213
2020-04-27 08:36:01,2020-04-27 08:36:15,14,12,2
2020-04-27 08:41:53,2020-04-27 10:05:29,5016,4536,480
2020-04-27 11:46:51,2020-04-27 11:47:55,64,64,0
2020-04-27 11:48:09,2020-04-27 11:49:47,98,15,83
2020-04-27 11:57:41,2020-04-27 13:16:36,4735,4254,481
2020-04-27 14:40:01,2020-04-27 14:40:17,16,16,0
2020-04-27 14:45:29,2020-04-27 14:46:55,86,15,71
2020-04-27 14:52:28,2020-04-27 15:33:52,2484,2004,480
2020-04-27 17:24:37,2020-04-27 17:25:39,62,62,0
2020-04-27 17:28:45,2020-04-27 18:02:14,2009,1529,480
2020-04-27 18:07:40,2020-04-27 18:10:41,181,12,169
2020-04-27 18:14:40,2020-04-27 18:21:06,386,15,371
2020-04-27 18:25:58,2020-04-27 20:09:48,6230,5750,480
2020-04-27 21:59:40,2020-04-27 22:00:16,36,36,0
2020-04-27 22:01:42,2020-04-27 22:04:41,179,8,171
2020-04-27 22:08:37,2020-04-27 22:16:10,453,14,439
2020-04-27 22:21:32,2020-04-28 06:13:16,28304,27824,480
2020-04-28 06:25:27,2020-04-28 06:42:36,1029,164,865
2020-04-28 06:44:34,2020-04-28 08:54:50,7816,7336,480
2020-04-28 10:28:20,2020-04-28 10:29:06,46,29,17
2020-04-28 10:37:28,2020-04-28 12:13:39,5771,5291,480
2020-04-28 14:06:24,2020-04-28 14:07:21,57,57,0
2020-04-28 14:10:36,2020-04-28 15:12:27,3711,3231,480
2020-04-28 16:51:07,2020-04-28 16:52:29,82,24,58
2020-04-28 16:53:43,2020-04-28 17:25:21,1898,1361,537
2020-04-28 17:31:59,2020-04-28 17:40:25,506,168,338
2020-04-28 17:46:25,2020-04-28 18:51:21,3896,3416,480
2020-04-28 18:52:08,2020-04-28 19:02:11,603,92,511
2020-04-28 20:48:02,2020-04-28 20:48:47,45,45,0
2020-04-28 20:53:43,2020-04-28 20:54:46,63,7,56
2020-04-28 20:59:57,2020-04-28 21:00:36,39,7,32
2020-04-28 21:00:36,2020-04-28 21:31:59,1883,1403,480
2020-04-28 21:36:40,2020-04-28 21:54:15,1055,179,876
2020-04-28 22:00:11,2020-04-29 05:27:01,26810,26330,480
2020-04-29 05:42:39,2020-04-29 09:02:43,12004,10564,1440
2020-04-29 10:14:11,2020-04-29 10:15:45,94,20,74
2020-04-29 10:13:17,2020-04-29 10:16:41,204,8,196
2020-04-29 10:22:12,2020-04-29 11:01:31,2359,1863,496
2020-04-29 12:45:05,2020-04-29 12:47:10,125,118,7
2020-04-29 12:49:26,2020-04-29 12:52:05,159,11,148
2020-04-29 12:54:38,2020-04-29 14:21:27,5209,4729,480
2020-04-29 15:52:19,2020-04-29 15:53:11,52,52,0
2020-04-29 15:53:18,2020-04-29 15:55:27,129,13,116
2020-04-29 16:00:23,2020-04-29 17:36:06,5743,5263,480
2020-04-29 17:42:21,2020-04-29 17:54:33,732,671,61
2020-04-29 17:58:42,2020-04-29 18:02:21,219,14,205
2020-04-29 19:02:06,2020-04-29 19:03:15,69,69,0
2020-04-29 19:09:49,2020-04-29 19:11:29,100,10,90
2020-04-29 19:13:19,2020-04-29 19:51:41,2302,1822,480
2020-04-29 20:54:19,2020-04-29 20:55:58,99,22,77
2020-04-29 20:59:30,2020-04-29 21:01:20,110,9,101
2020-04-29 21:09:46,2020-04-29 21:13:44,238,9,229
2020-04-29 21:19:27,2020-04-29 21:20:52,85,25,60
2020-04-29 21:28:49,2020-04-29 21:36:53,484,26,458
2020-04-29 21:40:57,2020-04-29 21:46:42,345,9,336
2020-04-29 21:49:14,2020-04-29 22:02:58,824,344,480
2020-04-29 22:24:07,2020-04-29 22:28:51,284,27,257
2020-04-29 22:32:06,2020-04-29 22:34:50,164,9,155
2020-04-29 22:36:32,2020-04-29 22:40:19,227,11,216
2020-04-29 22:52:30,2020-04-29 22:57:38,308,15,293
2020-04-29 22:57:44,2020-04-29 23:02:18,274,6,268
2020-04-29 23:15:57,2020-04-30 06:26:45,25848,25368,480
2020-04-30 06:48:31,2020-04-30 08:26:26,5875,5395,480
2020-04-30 09:42:09,2020-04-30 09:44:26,137,23,114
2020-04-30 09:46:33,2020-04-30 11:34:09,6456,5976,480
2020-04-30 13:22:29,2020-04-30 13:23:15,46,46,0
2020-04-30 13:23:52,2020-04-30 13:24:53,61,16,45
2020-04-30 13:46:25,2020-04-30 13:50:43,258,27,231
2020-04-30 13:54:26,2020-04-30 15:04:59,4233,3753,480
2020-04-30 15:13:40,2020-04-30 15:18:05,265,101,164
2020-04-30 16:54:40,2020-04-30 16:55:53,73,14,59
2020-04-30 17:02:20,2020-04-30 17:35:18,1978,1498,480
2020-04-30 17:41:28,2020-04-30 18:50:56,4168,3688,480
2020-04-30 18:49:16,2020-04-30 18:58:28,552,552,0
2020-04-30 20:55:25,2020-04-30 20:59:18,233,14,219
2020-04-30 20:58:38,2020-04-30 21:11:04,746,251,495
2020-04-30 21:16:17,2020-04-30 21:22:41,384,88,296
2020-04-30 21:26:40,2020-04-30 23:03:20,5800,5320,480
2020-04-30 23:06:50,2020-05-01 01:31:42,8692,8212,480
2020-05-01 01:43:56,2020-05-01 05:33:52,13796,13796,0
2020-05-01 05:42:40,2020-05-01 08:51:57,11357,10551,806
2020-05-01 10:18:12,2020-05-01 10:19:09,57,57,0
2020-05-01 10:40:19,2020-05-01 11:32:42,3143,2663,480
2020-05-01 13:17:21,2020-05-01 13:18:58,97,97,0
2020-05-01 13:25:21,2020-05-01 14:38:32,4391,3911,480
2020-05-01 14:43:43,2020-05-01 14:47:26,223,26,197
2020-05-01 16:32:22,2020-05-01 16:33:06,44,44,0
2020-05-01 16:37:04,2020-05-01 17:53:36,4592,4112,480
2020-05-01 17:58:04,2020-05-01 18:52:44,3280,2320,960
2020-05-01 18:51:57,2020-05-01 19:05:20,803,323,480
2020-05-01 20:51:49,2020-05-01 20:51:59,10,10,0
2020-05-01 20:55:25,2020-05-01 21:30:51,2126,1646,480
2020-05-01 21:38:24,2020-05-01 21:42:58,274,8,266
2020-05-01 21:44:26,2020-05-02 05:40:45,28579,28099,480
2020-05-02 05:57:59,2020-05-02 08:49:26,10287,9807,480
2020-05-02 10:26:39,2020-05-02 10:30:05,206,34,172
2020-05-02 10:33:55,2020-05-02 11:28:23,3268,2427,841
2020-05-02 12:55:16,2020-05-02 12:56:52,96,39,57
2020-05-02 13:02:12,2020-05-02 14:07:35,3923,3443,480
2020-05-02 15:45:45,2020-05-02 15:46:03,18,18,0
2020-05-02 15:50:15,2020-05-02 16:32:25,2530,2050,480
2020-05-02 16:38:25,2020-05-02 16:52:52,867,867,0
2020-05-02 16:55:08,2020-05-02 17:50:06,3298,3298,0
2020-05-02 17:52:18,2020-05-02 18:38:33,2775,2295,480
2020-05-02 18:42:32,2020-05-02 18:56:49,857,377,480
2020-05-02 20:56:05,2020-05-02 20:56:17,12,12,0
2020-05-02 21:02:15,2020-05-02 21:33:19,1864,1384,480
2020-05-02 21:38:23,2020-05-02 21:43:50,327,14,313
2020-05-02 21:44:36,2020-05-02 21:45:55,79,14,65
2020-05-02 21:49:23,2020-05-02 21:52:57,214,2,212
2020-05-02 21:59:03,2020-05-03 03:53:21,21258,20298,960
2020-05-03 03:55:09,2020-05-03 04:02:22,433,27,406
2020-05-03 04:10:54,2020-05-03 04:29:42,1128,1128,0
2020-05-03 04:36:58,2020-05-03 04:43:44,406,247,159
2020-05-03 04:47:36,2020-05-03 04:54:44,428,12,416
2020-05-03 05:00:20,2020-05-03 09:01:29,14469,13989,480
2020-05-03 10:49:59,2020-05-03 10:51:01,62,62,0
2020-05-03 10:55:53,2020-05-03 11:32:41,2208,1728,480
2020-05-03 13:10:03,2020-05-03 13:11:09,66,66,0
2020-05-03 13:18:10,2020-05-03 13:59:12,2462,1982,480
2020-05-03 15:40:32,2020-05-03 15:40:57,25,25,0
2020-05-03 15:47:45,2020-05-03 17:08:30,4845,4365,480
2020-05-03 17:10:08,2020-05-03 17:16:26,378,378,0
2020-05-03 17:19:32,2020-05-03 17:28:03,511,511,0
2020-05-03 18:52:17,2020-05-03 18:53:35,78,78,0
2020-05-03 18:55:17,2020-05-03 19:37:21,2524,2044,480
2020-05-03 20:54:47,2020-05-03 20:55:20,33,33,0
2020-05-03 21:07:37,2020-05-03 21:08:54,77,11,66
2020-05-03 21:12:27,2020-05-03 21:59:35,2828,2348,480
2020-05-03 22:07:09,2020-05-04 05:41:59,27290,26810,480
2020-05-04 05:51:41,2020-05-04 05:56:54,313,313,0
2020-05-04 06:01:29,2020-05-04 06:08:37,428,13,415
2020-05-04 06:11:03,2020-05-04 06:32:17,1274,425,849
2020-05-04 06:39:29,2020-05-04 08:28:06,6517,6037,480
2020-05-04 10:00:47,2020-05-04 10:02:10,83,83,0
2020-05-04 10:05:56,2020-05-04 11:48:03,6127,6127,0
2020-05-04 11:54:09,2020-05-04 12:46:12,3123,3123,0
2020-05-04 14:30:45,2020-05-04 14:32:36,111,111,0
2020-05-04 14:38:21,2020-05-04 14:39:49,88,12,76
2020-05-04 14:44:37,2020-05-04 15:25:38,2461,2461,0
2020-05-04 17:34:19,2020-05-04 17:35:45,86,86,0
2020-05-04 17:43:46,2020-05-04 17:44:06,20,20,0
2020-05-04 17:45:45,2020-05-04 18:22:59,2234,2234,0
2020-05-04 18:27:40,2020-05-04 18:31:47,247,76,171
2020-05-04 18:37:42,2020-05-04 19:35:54,3492,3012,480
2020-05-04 21:17:13,2020-05-04 21:19:23,130,119,11
2020-05-04 21:26:09,2020-05-04 21:26:36,27,27,0
2020-05-04 21:31:49,2020-05-04 22:15:19,2610,2130,480
2020-05-04 22:15:40,2020-05-05 05:42:25,26805,26325,480
2020-05-05 05:55:46,2020-05-05 06:05:59,613,613,0
2020-05-05 06:12:35,2020-05-05 06:23:06,631,151,480
2020-05-05 06:23:41,2020-05-05 10:08:40,13499,13019,480
2020-05-05 11:25:20,2020-05-05 11:25:51,31,23,8
2020-05-05 11:29:01,2020-05-05 11:30:11,70,14,56
2020-05-05 11:34:18,2020-05-05 12:15:25,2467,1987,480
2020-05-05 14:00:07,2020-05-05 14:00:37,30,30,0
2020-05-05 14:08:15,2020-05-05 14:52:32,2657,2177,480
2020-05-05 15:27:31,2020-05-05 15:29:05,94,17,77
2020-05-05 15:26:48,2020-05-05 15:27:10,22,14,8
2020-05-05 15:37:53,2020-05-05 16:43:54,3961,2950,1011
2020-05-05 16:49:20,2020-05-05 17:26:16,2216,2186,30
2020-05-05 17:27:00,2020-05-05 17:27:04,4,4,0
2020-05-05 17:32:07,2020-05-05 18:26:43,3276,2774,502
2020-05-05 18:30:54,2020-05-05 18:40:10,556,556,0
2020-05-05 20:27:41,2020-05-05 20:28:05,24,24,0
2020-05-05 20:31:44,2020-05-05 20:33:37,113,18,95
2020-05-05 20:36:45,2020-05-05 22:02:08,5123,4643,480
2020-05-05 22:15:53,2020-05-05 22:37:46,1313,833,480
2020-05-05 22:40:35,2020-05-05 22:43:45,190,17,173
2020-05-05 22:46:05,2020-05-05 22:48:09,124,13,111
2020-05-05 23:03:53,2020-05-05 23:08:26,273,10,263
2020-05-05 23:18:38,2020-05-05 23:38:54,1216,273,943
2020-05-05 23:43:40,2020-05-06 07:01:50,26290,26290,0
2020-05-06 07:15:54,2020-05-06 07:30:45,891,891,0
2020-05-06 07:36:08,2020-05-06 09:02:07,5159,4195,964
2020-05-06 10:18:03,2020-05-06 10:19:10,67,61,6
2020-05-06 10:27:19,2020-05-06 11:49:24,4925,4445,480
2020-05-06 13:15:08,2020-05-06 13:20:19,311,199,112
2020-05-06 13:24:11,2020-05-06 14:45:47,4896,4329,567
2020-05-06 16:01:15,2020-05-06 16:02:18,63,63,0
2020-05-06 16:10:31,2020-05-06 17:39:34,5343,4863,480
2020-05-06 17:44:19,2020-05-06 17:52:22,483,17,466
2020-05-06 17:55:25,2020-05-06 18:06:10,645,199,446
2020-05-06 18:11:15,2020-05-06 18:20:51,576,96,480
2020-05-06 18:26:49,2020-05-06 18:36:24,575,575,0
2020-05-06 18:39:27,2020-05-06 18:43:41,254,8,246
2020-05-06 19:55:07,2020-05-06 19:56:22,75,24,51
2020-05-06 20:04:14,2020-05-06 20:41:54,2260,1780,480
2020-05-06 20:43:11,2020-05-06 20:51:02,471,11,460
2020-05-06 20:55:48,2020-05-06 20:56:09,21,10,11
2020-05-06 20:54:53,2020-05-06 20:54:55,2,2,0
2020-05-06 21:00:32,2020-05-07 00:31:11,12639,12577,62
2020-05-07 00:28:58,2020-05-07 04:42:39,15221,15149,72
2020-05-07 05:02:20,2020-05-07 05:08:24,364,17,347
2020-05-07 05:14:42,2020-05-07 08:23:04,11302,10822,480
2020-05-07 09:34:24,2020-05-07 09:35:03,39,39,0
2020-05-07 09:41:26,2020-05-07 10:30:17,2931,2451,480
2020-05-07 10:34:23,2020-05-07 10:50:22,959,415,544
2020-05-07 12:12:23,2020-05-07 12:13:24,61,61,0
2020-05-07 12:22:24,2020-05-07 12:24:11,107,12,95
2020-05-07 12:24:23,2020-05-07 14:33:15,7732,7252,480
2020-05-07 16:19:16,2020-05-07 16:19:53,37,37,0
2020-05-07 16:27:12,2020-05-07 17:14:31,2839,2359,480
2020-05-07 17:18:48,2020-05-07 18:38:31,4783,4195,588
2020-05-07 18:43:47,2020-05-07 19:48:53,3906,3906,0
2020-05-07 21:07:10,2020-05-07 21:08:02,52,52,0
2020-05-07 21:16:00,2020-05-07 21:17:41,101,8,93
2020-05-07 21:20:48,2020-05-07 21:22:49,121,32,89
2020-05-07 21:28:11,2020-05-07 21:31:45,214,40,174
2020-05-07 21:34:21,2020-05-07 21:39:00,279,8,271
2020-05-07 21:40:30,2020-05-07 21:43:51,201,18,183
2020-05-07 21:47:25,2020-05-08 04:30:42,24197,23717,480
2020-05-08 04:46:54,2020-05-08 04:55:02,488,14,474
2020-05-08 04:58:17,2020-05-08 05:02:21,244,159,85
2020-05-08 05:08:55,2020-05-08 08:24:57,11762,10319,1443
2020-05-08 09:45:44,2020-05-08 09:47:31,107,107,0
2020-05-08 09:50:17,2020-05-08 09:52:27,130,23,107
2020-05-08 09:55:47,2020-05-08 11:06:24,4237,3757,480
2020-05-08 12:26:17,2020-05-08 12:26:32,15,15,0
2020-05-08 12:30:24,2020-05-08 12:31:58,94,33,61
2020-05-08 12:39:21,2020-05-08 13:18:14,2333,1853,480
2020-05-08 13:21:25,2020-05-08 14:32:22,4257,3777,480
2020-05-08 14:32:43,2020-05-08 15:08:29,2146,2146,0
2020-05-08 17:00:14,2020-05-08 17:01:52,98,12,86
2020-05-08 17:04:02,2020-05-08 17:04:05,3,3,0
2020-05-08 17:06:57,2020-05-08 18:37:08,5411,4931,480
2020-05-08 18:50:03,2020-05-08 18:54:11,248,34,214
2020-05-08 18:53:08,2020-05-08 18:53:38,30,30,0
2020-05-08 20:35:19,2020-05-08 20:35:37,18,18,0
2020-05-08 20:44:46,2020-05-08 20:46:56,130,20,110
2020-05-08 20:50:09,2020-05-08 21:31:02,2453,1973,480
2020-05-08 21:37:54,2020-05-08 21:39:48,114,27,87
2020-05-08 21:41:02,2020-05-08 21:42:24,82,10,72
2020-05-08 21:45:13,2020-05-08 21:54:15,542,62,480
2020-05-08 22:06:58,2020-05-08 22:20:40,822,716,106
2020-05-08 22:25:59,2020-05-08 22:28:43,164,8,156
2020-05-08 22:31:53,2020-05-08 22:41:24,571,567,4
2020-05-08 22:48:43,2020-05-08 22:50:57,134,56,78
2020-05-08 22:54:28,2020-05-08 22:59:05,277,10,267
2020-05-08 23:01:00,2020-05-08 23:04:09,189,113,76
2020-05-08 23:07:14,2020-05-08 23:09:40,146,13,133
2020-05-08 23:33:10,2020-05-09 06:32:39,25169,23707,1462
2020-05-09 06:43:29,2020-05-09 06:47:55,266,17,249
2020-05-09 06:52:05,2020-05-09 06:54:16,131,12,119
2020-05-09 07:01:15,2020-05-09 08:51:21,6606,5300,1306
2020-05-09 10:18:08,2020-05-09 10:18:42,34,34,0
2020-05-09 10:21:09,2020-05-09 11:06:05,2696,1854,842
2020-05-09 11:11:30,2020-05-09 11:56:41,2711,2231,480
2020-05-09 12:53:48,2020-05-09 12:55:59,131,68,63
2020-05-09 12:57:40,2020-05-09 12:57:48,8,8,0
2020-05-09 12:59:43,2020-05-09 12:59:57,14,14,0
2020-05-09 13:01:15,2020-05-09 14:19:52,4717,4211,506
2020-05-09 14:27:57,2020-05-09 14:29:48,111,13,98
2020-05-09 14:30:27,2020-05-09 15:35:53,3926,3021,905
2020-05-09 17:42:20,2020-05-09 17:43:23,63,63,0
2020-05-09 17:46:35,2020-05-09 18:17:36,1861,1330,531
2020-05-09 18:23:47,2020-05-09 18:27:42,235,8,227
2020-05-09 18:33:57,2020-05-09 18:34:44,47,9,38
2020-05-09 18:36:01,2020-05-09 18:55:46,1185,49,1136
2020-05-09 20:37:08,2020-05-09 20:38:01,53,53,0
2020-05-09 20:41:40,2020-05-09 20:42:37,57,12,45
2020-05-09 20:46:23,2020-05-09 21:19:05,1962,1482,480
2020-05-09 21:22:02,2020-05-09 21:27:50,348,30,318
2020-05-09 22:05:15,2020-05-09 22:06:32,77,44,33
2020-05-09 22:14:31,2020-05-09 22:16:01,90,41,49
2020-05-09 22:17:12,2020-05-09 22:23:39,387,112,275
2020-05-09 22:36:42,2020-05-09 23:00:29,1427,10,1417
2020-05-09 23:04:36,2020-05-09 23:09:24,288,242,46
2020-05-09 23:18:03,2020-05-10 07:41:34,30211,29731,480
2020-05-10 07:54:24,2020-05-10 07:58:22,238,238,0
2020-05-10 08:01:16,2020-05-10 08:11:34,618,136,482
2020-05-10 08:19:33,2020-05-10 09:58:09,5916,5430,486
2020-05-10 11:25:03,2020-05-10 11:25:58,55,34,21
2020-05-10 11:29:21,2020-05-10 11:33:52,271,16,255
2020-05-10 11:42:30,2020-05-10 13:07:09,5079,4582,497
2020-05-10 14:44:43,2020-05-10 14:46:18,95,95,0
2020-05-10 14:49:52,2020-05-10 15:40:04,3012,2532,480
2020-05-10 17:33:05,2020-05-10 17:33:21,16,16,0
2020-05-10 17:37:05,2020-05-10 17:39:12,127,21,106
2020-05-10 17:40:32,2020-05-10 19:24:05,6213,5698,515
2020-05-10 21:02:12,2020-05-10 21:04:31,139,49,90
2020-05-10 21:07:01,2020-05-10 21:08:11,70,11,59
2020-05-10 21:19:33,2020-05-10 21:23:49,256,11,245
2020-05-10 21:27:15,2020-05-10 21:29:22,127,9,118
2020-05-10 21:52:49,2020-05-10 21:56:54,245,19,226
2020-05-10 22:02:48,2020-05-10 22:04:21,93,4,89
2020-05-10 22:04:24,2020-05-11 05:50:16,27952,27472,480
2020-05-11 06:10:23,2020-05-11 09:02:39,10336,9856,480
2020-05-11 10:21:59,2020-05-11 10:22:30,31,31,0
2020-05-11 10:28:30,2020-05-11 10:30:43,133,16,117
2020-05-11 10:35:50,2020-05-11 11:31:57,3367,2886,481
2020-05-11 13:34:12,2020-05-11 13:35:23,71,32,39
2020-05-11 13:43:10,2020-05-11 14:29:12,2762,2762,0
2020-05-11 15:00:48,2020-05-11 15:01:48,60,17,43
2020-05-11 15:12:34,2020-05-11 15:19:23,409,7,402
2020-05-11 15:22:39,2020-05-11 15:22:40,1,1,0
2020-05-11 15:22:33,2020-05-11 16:25:24,3771,2657,1114
2020-05-11 17:51:40,2020-05-11 17:52:39,59,17,42
2020-05-11 18:04:00,2020-05-11 18:04:37,37,14,23
2020-05-11 18:09:50,2020-05-11 18:52:06,2536,2527,9
2020-05-11 18:56:12,2020-05-11 20:36:38,6026,5546,480
2020-05-11 21:27:37,2020-05-11 21:28:57,80,66,14
2020-05-11 21:35:33,2020-05-11 21:36:35,62,14,48
2020-05-11 21:42:00,2020-05-11 21:42:27,27,13,14
2020-05-11 21:47:50,2020-05-11 21:51:08,198,4,194
2020-05-11 21:58:53,2020-05-12 06:23:56,30303,29823,480
2020-05-12 06:41:35,2020-05-12 06:44:25,170,11,159
2020-05-12 06:45:52,2020-05-12 07:04:12,1100,620,480
2020-05-12 07:07:26,2020-05-12 09:35:43,8897,8417,480
2020-05-12 11:23:45,2020-05-12 11:25:38,113,9,104
2020-05-12 11:31:30,2020-05-12 13:03:27,5517,5018,499
2020-05-12 14:37:45,2020-05-12 14:38:32,47,47,0
2020-05-12 14:45:26,2020-05-12 14:48:12,166,32,134
2020-05-12 14:49:52,2020-05-12 16:05:28,4536,4536,0
2020-05-12 17:49:26,2020-05-12 17:50:34,68,25,43
2020-05-12 18:00:38,2020-05-12 18:41:55,2477,1945,532
2020-05-12 18:42:37,2020-05-12 18:57:45,908,877,31
2020-05-12 19:00:09,2020-05-12 19:00:54,45,12,33
2020-05-12 19:05:55,2020-05-12 19:06:12,17,15,2
2020-05-12 19:10:06,2020-05-12 19:12:45,159,15,144
2020-05-12 19:48:34,2020-05-12 19:51:07,153,27,126
2020-05-12 19:57:21,2020-05-12 20:32:15,2094,954,1140
2020-05-12 20:38:12,2020-05-12 20:42:58,286,21,265
2020-05-12 21:33:22,2020-05-12 21:33:58,36,28,8
2020-05-12 21:37:33,2020-05-12 21:38:08,35,34,1
2020-05-12 21:50:45,2020-05-12 21:55:58,313,11,302
2020-05-12 22:22:23,2020-05-12 22:25:40,197,22,175
2020-05-12 22:29:03,2020-05-13 05:45:47,26204,25699,505
2020-05-13 06:04:12,2020-05-13 08:56:48,10356,10356,0
2020-05-13 10:18:25,2020-05-13 10:18:56,31,12,19
2020-05-13 10:55:16,2020-05-13 10:57:39,143,143,0
2020-05-13 10:58:20,2020-05-13 12:22:23,5043,4551,492
2020-05-13 14:20:24,2020-05-13 16:00:38,6014,6014,0
2020-05-13 17:54:12,2020-05-13 17:55:41,89,15,74
2020-05-13 18:03:51,2020-05-13 18:07:56,245,121,124
2020-05-13 18:13:13,2020-05-13 19:03:13,3000,2519,481
2020-05-13 19:05:47,2020-05-13 19:17:39,712,434,278
2020-05-13 19:16:32,2020-05-13 19:16:37,5,5,0
2020-05-13 20:44:53,2020-05-13 20:45:24,31,12,19
2020-05-13 20:51:30,2020-05-13 20:52:10,40,20,20
2020-05-13 20:52:15,2020-05-13 20:55:37,202,120,82
2020-05-13 20:59:00,2020-05-13 21:03:03,243,79,164
2020-05-13 21:07:08,2020-05-13 21:10:16,188,13,175
2020-05-13 21:14:41,2020-05-13 21:17:04,143,10,133
2020-05-13 21:19:42,2020-05-13 21:22:36,174,17,157
2020-05-13 21:30:12,2020-05-13 21:34:21,249,79,170
2020-05-13 21:42:17,2020-05-13 21:50:26,489,417,72
2020-05-13 21:51:01,2020-05-14 04:33:43,24162,24162,0
2020-05-14 04:51:51,2020-05-14 08:58:27,14796,14796,0
2020-05-14 10:30:19,2020-05-14 10:31:00,41,41,0
2020-05-14 10:29:26,2020-05-14 11:42:31,4385,4385,0
2020-05-14 13:27:43,2020-05-14 13:28:08,25,15,10
2020-05-14 13:38:34,2020-05-14 13:43:11,277,252,25
2020-05-14 13:48:36,2020-05-14 14:22:55,2059,2059,0
2020-05-14 14:25:23,2020-05-14 14:25:34,11,11,0
2020-05-14 16:11:47,2020-05-14 16:52:34,2447,1596,851
2020-05-14 16:55:06,2020-05-14 17:13:32,1106,1065,41
2020-05-14 17:14:21,2020-05-14 19:14:57,7236,7236,0
2020-05-14 19:21:10,2020-05-14 19:26:18,308,308,0
2020-05-14 20:57:00,2020-05-14 20:57:36,36,19,17
2020-05-14 21:01:59,2020-05-14 21:04:16,137,25,112
2020-05-14 21:10:58,2020-05-14 22:01:51,3053,2204,849
2020-05-14 22:05:01,2020-05-14 22:05:20,19,13,6
2020-05-14 22:06:53,2020-05-15 05:35:34,26921,26441,480
2020-05-15 05:51:49,2020-05-15 06:09:14,1045,832,213
2020-05-15 06:13:44,2020-05-15 09:52:04,13100,11660,1440
2020-05-15 10:53:25,2020-05-15 10:54:53,88,79,9
2020-05-15 11:01:09,2020-05-15 11:57:47,3398,2170,1228
2020-05-15 13:58:59,2020-05-15 14:46:19,2840,1659,1181
2020-05-15 14:53:57,2020-05-15 14:55:20,83,12,71
2020-05-15 15:31:50,2020-05-15 15:41:07,557,169,388
2020-05-15 16:27:29,2020-05-15 16:27:49,20,20,0
2020-05-15 16:31:29,2020-05-15 16:32:15,46,20,26
2020-05-15 16:37:06,2020-05-15 17:29:09,3123,3123,0
2020-05-15 17:36:43,2020-05-15 17:52:02,919,919,0
2020-05-15 17:53:31,2020-05-15 19:31:20,5869,5389,480
2020-05-15 21:03:44,2020-05-15 21:04:04,20,20,0
2020-05-15 21:10:14,2020-05-15 21:16:39,385,136,249
2020-05-15 21:24:22,2020-05-15 21:27:39,197,27,170
2020-05-15 21:30:52,2020-05-16 01:20:07,13755,13275,480
2020-05-16 01:30:24,2020-05-16 06:30:23,17999,17999,0
2020-05-16 06:44:24,2020-05-16 06:48:01,217,217,0
2020-05-16 06:51:47,2020-05-16 07:00:20,513,227,286
2020-05-16 07:08:34,2020-05-16 08:43:20,5686,5206,480
2020-05-16 10:03:55,2020-05-16 10:05:21,86,29,57
2020-05-16 10:13:09,2020-05-16 10:14:32,83,60,23
2020-05-16 10:16:06,2020-05-16 11:26:22,4216,4216,0
2020-05-16 13:29:17,2020-05-16 13:35:20,363,14,349
2020-05-16 13:40:16,2020-05-16 13:42:38,142,12,130
2020-05-16 13:42:43,2020-05-16 13:43:47,64,64,0
2020-05-16 13:51:52,2020-05-16 14:38:37,2805,2325,480
2020-05-16 14:40:20,2020-05-16 14:46:01,341,8,333
2020-05-16 16:11:55,2020-05-16 16:17:26,331,11,320
2020-05-16 16:22:27,2020-05-16 17:18:34,3367,2887,480
2020-05-16 17:25:54,2020-05-16 17:27:48,114,21,93
2020-05-16 17:33:18,2020-05-16 17:33:47,29,29,0
2020-05-16 17:38:51,2020-05-16 17:39:14,23,19,4
2020-05-16 17:42:10,2020-05-16 17:55:47,817,817,0
2020-05-16 18:00:38,2020-05-16 18:58:54,3496,2500,996
2020-05-16 19:02:54,2020-05-16 19:03:42,48,48,0
2020-05-16 19:11:21,2020-05-16 19:12:39,78,63,15
2020-05-16 21:02:03,2020-05-16 21:07:18,315,13,302
2020-05-16 21:12:20,2020-05-16 21:13:21,61,26,35
2020-05-16 21:16:19,2020-05-16 21:16:51,32,32,0
2020-05-16 21:16:36,2020-05-16 21:19:09,153,17,136
2020-05-16 21:25:45,2020-05-16 22:13:14,2849,1698,1151
2020-05-16 22:16:31,2020-05-17 06:36:05,29974,29494,480
2020-05-17 06:56:49,2020-05-17 08:39:28,6159,4719,1440
2020-05-17 10:09:43,2020-05-17 12:16:23,7600,6708,892
2020-05-17 13:56:04,2020-05-17 13:56:37,33,33,0
2020-05-17 14:04:24,2020-05-17 15:24:43,4819,4339,480
2020-05-17 17:07:50,2020-05-17 17:08:12,22,22,0
2020-05-17 17:09:50,2020-05-17 18:28:26,4716,3808,908
2020-05-17 18:34:06,2020-05-17 18:48:38,872,392,480
2020-05-17 18:51:19,2020-05-17 18:54:44,205,22,183
2020-05-17 18:58:46,2020-05-17 19:00:34,108,10,98
2020-05-17 20:31:48,2020-05-17 20:31:51,3,3,0
2020-05-17 20:37:32,2020-05-17 20:41:36,244,15,229
2020-05-17 20:47:06,2020-05-17 21:27:31,2425,1945,480
2020-05-17 21:32:20,2020-05-17 21:42:16,596,116,480
2020-05-17 21:47:31,2020-05-18 05:39:22,28311,26871,1440
2020-05-18 05:47:06,2020-05-18 05:59:15,729,255,474
2020-05-18 06:05:09,2020-05-18 08:11:46,7597,6637,960
2020-05-18 09:26:48,2020-05-18 09:27:30,42,38,4
2020-05-18 09:32:15,2020-05-18 10:09:22,2227,1747,480
2020-05-18 10:17:44,2020-05-18 10:26:05,501,367,134
2020-05-18 10:29:12,2020-05-18 10:31:50,158,11,147
2020-05-18 11:55:15,2020-05-18 11:56:44,89,12,77
2020-05-18 11:59:54,2020-05-18 13:11:39,4305,3377,928
2020-05-18 14:22:32,2020-05-18 15:14:13,3101,2621,480
2020-05-18 16:29:25,2020-05-18 16:30:02,37,37,0
2020-05-18 16:32:24,2020-05-18 16:34:05,101,14,87
2020-05-18 16:37:59,2020-05-18 16:39:54,115,6,109
2020-05-18 16:43:23,2020-05-18 16:50:53,450,13,437
2020-05-18 17:00:02,2020-05-18 17:39:55,2393,1395,998
2020-05-18 17:40:52,2020-05-18 17:43:08,136,11,125
2020-05-18 17:46:28,2020-05-18 17:50:36,248,9,239
2020-05-18 19:16:13,2020-05-18 19:17:12,59,59,0
2020-05-18 19:26:51,2020-05-18 19:30:35,224,14,210
2020-05-18 19:33:17,2020-05-18 19:38:30,313,197,116
2020-05-18 20:42:19,2020-05-18 20:43:48,89,16,73
2020-05-18 20:50:05,2020-05-18 21:24:21,2056,1530,526
2020-05-18 21:26:22,2020-05-19 05:32:59,29197,28717,480
2020-05-19 05:56:48,2020-05-19 05:59:50,182,182,0
2020-05-19 06:02:40,2020-05-19 06:13:00,620,140,480
2020-05-19 06:17:52,2020-05-19 06:23:53,361,16,345
2020-05-19 06:26:18,2020-05-19 09:02:12,9354,8874,480
2020-05-19 10:25:56,2020-05-19 10:29:21,205,15,190
2020-05-19 10:29:16,2020-05-19 11:39:17,4201,3282,919
2020-05-19 13:38:23,2020-05-19 13:40:08,105,105,0
2020-05-19 13:49:19,2020-05-19 13:52:31,192,20,172
2020-05-19 13:50:47,2020-05-19 15:25:22,5675,5195,480
2020-05-19 15:29:22,2020-05-19 15:35:01,339,25,314
2020-05-19 17:16:55,2020-05-19 17:19:56,181,10,171
2020-05-19 17:24:44,2020-05-19 17:28:47,243,13,230
2020-05-19 17:34:20,2020-05-19 17:35:51,91,11,80
2020-05-19 17:39:10,2020-05-19 17:41:24,134,15,119
2020-05-19 17:45:43,2020-05-19 18:24:52,2349,1869,480
2020-05-19 21:17:16,2020-05-19 21:19:02,106,106,0
2020-05-19 21:22:30,2020-05-19 21:23:42,72,13,59
2020-05-19 21:25:16,2020-05-20 03:02:56,20260,19780,480
2020-05-20 03:19:22,2020-05-20 08:18:33,17951,17471,480
2020-05-20 08:29:42,2020-05-20 08:36:26,404,142,262
2020-05-20 08:34:22,2020-05-20 08:37:32,190,190,0
2020-05-20 10:01:06,2020-05-20 10:01:17,11,11,0
2020-05-20 10:06:59,2020-05-20 10:08:17,78,13,65
2020-05-20 10:09:58,2020-05-20 11:12:21,3743,2479,1264
2020-05-20 11:16:40,2020-05-20 11:22:23,343,15,328
2020-05-20 12:51:03,2020-05-20 12:51:28,25,25,0
2020-05-20 13:01:49,2020-05-20 13:04:50,181,23,158
2020-05-20 13:39:09,2020-05-20 13:40:00,51,10,41
2020-05-20 13:44:57,2020-05-20 13:46:25,88,9,79
2020-05-20 13:50:32,2020-05-20 14:25:22,2090,2011,79
2020-05-20 14:28:13,2020-05-20 14:32:25,252,89,163
2020-05-20 14:38:44,2020-05-20 14:39:24,40,40,0
2020-05-20 15:36:43,2020-05-20 15:37:00,17,14,3
2020-05-20 15:39:30,2020-05-20 16:25:04,2734,968,1766
2020-05-20 16:31:50,2020-05-20 16:48:08,978,248,730
2020-05-20 18:06:22,2020-05-20 18:08:26,124,13,111
2020-05-20 18:21:30,2020-05-20 18:33:25,715,10,705
2020-05-20 19:02:16,2020-05-20 19:03:02,46,46,0
2020-05-20 19:09:12,2020-05-20 19:52:16,2584,1784,800
2020-05-20 20:18:56,2020-05-20 20:20:41,105,21,84
2020-05-20 20:23:02,2020-05-20 20:23:37,35,8,27
2020-05-20 20:55:18,2020-05-20 20:56:12,54,16,38
2020-05-20 21:02:44,2020-05-20 21:06:27,223,13,210
2020-05-20 21:10:34,2020-05-20 21:13:16,162,119,43
2020-05-20 21:16:54,2020-05-20 22:00:39,2625,2145,480
2020-05-20 22:14:32,2020-05-21 06:11:46,28634,28470,164
2020-05-21 06:28:55,2020-05-21 06:32:20,205,205,0
2020-05-21 06:37:38,2020-05-21 08:02:02,5064,4584,480
2020-05-21 09:55:04,2020-05-21 09:59:55,291,33,258
2020-05-21 10:02:49,2020-05-21 10:04:42,113,113,0
2020-05-21 10:09:28,2020-05-21 10:47:18,2270,2270,0
2020-05-21 11:45:18,2020-05-21 11:47:24,126,95,31
2020-05-21 11:51:51,2020-05-21 11:52:39,48,48,0
2020-05-21 11:54:33,2020-05-21 11:57:40,187,58,129
2020-05-21 12:01:40,2020-05-21 13:43:46,6126,5646,480
2020-05-21 15:22:33,2020-05-21 15:27:28,295,18,277
2020-05-21 15:30:52,2020-05-21 16:03:56,1984,1969,15
2020-05-21 16:08:22,2020-05-21 17:08:13,3591,3591,0
2020-05-21 17:11:58,2020-05-21 17:13:10,72,72,0
2020-05-21 17:14:10,2020-05-21 17:16:14,124,14,110
2020-05-21 18:43:01,2020-05-21 18:44:44,103,103,0
2020-05-21 18:53:41,2020-05-21 18:55:54,133,65,68
2020-05-21 18:57:04,2020-05-21 19:31:49,2085,1605,480
2020-05-21 20:56:01,2020-05-21 20:56:28,27,27,0
2020-05-21 21:02:44,2020-05-21 21:03:21,37,37,0
2020-05-21 21:04:40,2020-05-21 21:09:46,306,72,234
2020-05-21 21:13:52,2020-05-21 21:17:18,206,50,156
2020-05-21 21:22:51,2020-05-21 21:26:59,248,32,216
2020-05-21 21:27:14,2020-05-22 05:37:34,29420,28940,480
2020-05-22 05:54:05,2020-05-22 06:01:17,432,432,0
2020-05-22 06:09:41,2020-05-22 06:11:59,138,138,0
2020-05-22 06:15:38,2020-05-22 08:18:17,7359,6084,1275
2020-05-22 10:01:34,2020-05-22 10:02:57,83,27,56
2020-05-22 10:13:55,2020-05-22 11:32:35,4720,4165,555
2020-05-22 11:32:49,2020-05-22 11:32:56,7,7,0
2020-05-22 11:33:45,2020-05-22 11:33:54,9,9,0
2020-05-22 13:23:04,2020-05-22 13:23:04,0,0,0
2020-05-22 13:21:13,2020-05-22 13:21:17,4,4,0
2020-05-22 13:17:32,2020-05-22 13:17:39,7,7,0
2020-05-22 13:23:47,2020-05-22 13:23:51,4,4,0
2020-05-22 13:32:49,2020-05-22 13:35:19,150,150,0
2020-05-22 13:36:33,2020-05-22 13:36:38,5,5,0
2020-05-22 13:40:14,2020-05-22 13:40:23,9,9,0
2020-05-22 13:40:33,2020-05-22 13:42:01,88,17,71
2020-05-22 13:43:04,2020-05-22 13:47:52,288,15,273
2020-05-22 13:55:07,2020-05-22 14:34:41,2374,2374,0
2020-05-22 14:58:55,2020-05-22 15:02:20,205,90,115
2020-05-22 15:48:01,2020-05-22 15:48:04,3,3,0
2020-05-22 16:09:05,2020-05-22 16:09:09,4,4,0
2020-05-22 16:09:10,2020-05-22 16:09:40,30,18,12
2020-05-22 16:12:38,2020-05-22 16:17:06,268,207,61
2020-05-22 16:24:08,2020-05-22 17:16:49,3161,3161,0
2020-05-22 17:21:33,2020-05-22 18:16:24,3291,2811,480
2020-05-22 21:19:59,2020-05-22 21:21:36,97,97,0
2020-05-22 21:25:54,2020-05-22 22:06:08,2414,2414,0
2020-05-22 22:13:22,2020-05-23 00:22:24,7742,7733,9
2020-05-23 00:26:35,2020-05-23 00:30:15,220,220,0
2020-05-23 00:33:15,2020-05-23 00:39:46,391,391,0
2020-05-23 00:42:12,2020-05-23 05:46:55,18283,18283,0
2020-05-23 06:03:54,2020-05-23 07:56:43,6769,6565,204
2020-05-23 09:38:42,2020-05-23 09:38:46,4,4,0
2020-05-23 09:42:33,2020-05-23 09:43:26,53,45,8
2020-05-23 09:50:46,2020-05-23 11:26:13,5727,5727,0
2020-05-23 13:23:16,2020-05-23 13:25:09,113,113,0
2020-05-23 13:27:41,2020-05-23 14:50:46,4985,4501,484
2020-05-23 15:42:21,2020-05-23 15:44:51,150,150,0
2020-05-23 15:45:08,2020-05-23 15:47:37,149,16,133
2020-05-23 16:26:45,2020-05-23 16:27:56,71,71,0
2020-05-23 16:32:20,2020-05-23 16:33:08,48,44,4
2020-05-23 16:41:37,2020-05-23 16:42:39,62,62,0
2020-05-23 16:42:36,2020-05-23 16:42:39,3,3,0
2020-05-23 16:48:05,2020-05-23 18:03:40,4535,4516,19
2020-05-23 18:08:47,2020-05-23 18:09:17,30,30,0
2020-05-23 21:17:17,2020-05-23 23:27:45,7828,7828,0
2020-05-23 23:27:30,2020-05-24 05:19:42,21132,21132,0
2020-05-24 05:27:16,2020-05-24 05:34:09,413,413,0
2020-05-24 05:38:29,2020-05-24 05:46:48,499,499,0
2020-05-24 05:51:41,2020-05-24 08:07:46,8165,8165,0
2020-05-24 10:07:21,2020-05-24 10:08:54,93,93,0
2020-05-24 10:12:52,2020-05-24 10:53:39,2447,2447,0
2020-05-24 11:32:33,2020-05-24 11:33:35,62,62,0
2020-05-24 11:40:44,2020-05-24 11:49:15,511,51,460
2020-05-24 11:54:55,2020-05-24 11:57:01,126,23,103
2020-05-24 12:56:09,2020-05-24 12:56:41,32,28,4
2020-05-24 12:59:27,2020-05-24 14:38:03,5916,4613,1303
2020-05-24 16:14:37,2020-05-24 16:15:35,58,58,0
2020-05-24 16:22:14,2020-05-24 16:29:27,433,14,419
2020-05-24 16:31:28,2020-05-24 17:49:58,4710,4710,0
2020-05-24 17:53:57,2020-05-24 17:54:06,9,9,0
2020-05-24 20:29:31,2020-05-24 20:30:26,55,55,0
2020-05-24 20:39:00,2020-05-25 04:24:08,27908,27908,0
2020-05-25 04:28:11,2020-05-25 04:35:50,459,459,0
2020-05-25 04:46:13,2020-05-25 04:54:26,493,493,0
2020-05-25 04:58:26,2020-05-25 07:49:54,10288,9465,823
2020-05-25 09:42:45,2020-05-25 10:41:08,3503,3503,0
2020-05-25 12:40:21,2020-05-25 12:41:53,92,92,0
2020-05-25 12:43:25,2020-05-25 12:45:08,103,103,0
2020-05-25 12:48:16,2020-05-25 14:33:56,6340,6340,0
2020-05-25 15:42:19,2020-05-25 15:43:01,42,42,0
2020-05-25 15:44:47,2020-05-25 15:47:13,146,127,19
2020-05-25 15:54:53,2020-05-25 16:27:43,1970,1911,59
2020-05-25 17:59:11,2020-05-25 18:05:16,365,365,0
2020-05-25 18:06:44,2020-05-25 18:07:50,66,48,18
2020-05-25 18:13:58,2020-05-25 18:15:05,67,17,50
2020-05-25 18:17:52,2020-05-25 19:34:37,4605,3684,921
2020-05-25 20:39:09,2020-05-25 20:39:23,14,14,0
2020-05-25 20:43:44,2020-05-25 20:46:38,174,174,0
2020-05-25 20:51:24,2020-05-25 20:56:18,294,122,172
2020-05-25 21:01:45,2020-05-25 21:08:16,391,54,337
2020-05-25 21:13:57,2020-05-25 21:19:45,348,112,236
2020-05-25 21:25:25,2020-05-25 21:26:55,90,12,78
2020-05-25 21:35:01,2020-05-25 21:42:26,445,445,0
2020-05-25 21:47:51,2020-05-26 03:21:25,20014,20014,0
2020-05-26 03:28:17,2020-05-26 08:08:35,16818,16818,0
2020-05-26 09:44:44,2020-05-26 09:47:33,169,169,0
2020-05-26 09:50:55,2020-05-26 09:52:40,105,105,0
2020-05-26 09:57:19,2020-05-26 11:27:58,5439,4598,841
2020-05-26 12:56:02,2020-05-26 12:56:55,53,53,0
2020-05-26 13:03:55,2020-05-26 13:05:42,107,107,0
2020-05-26 13:08:10,2020-05-26 14:18:54,4244,3397,847
2020-05-26 16:14:06,2020-05-26 16:16:44,158,79,79
2020-05-26 16:23:23,2020-05-26 16:26:37,194,12,182
2020-05-26 16:30:35,2020-05-26 17:09:15,2320,2320,0
2020-05-26 17:14:40,2020-05-26 17:16:23,103,100,3
2020-05-26 19:50:46,2020-05-26 19:51:44,58,20,38
2020-05-26 19:55:50,2020-05-26 20:39:15,2605,2605,0
2020-05-26 20:37:35,2020-05-26 20:37:47,12,12,0
2020-05-26 20:45:18,2020-05-27 04:22:28,27430,26584,846
2020-05-27 04:35:15,2020-05-27 08:05:08,12593,12593,0
2020-05-27 09:23:11,2020-05-27 09:24:29,78,54,24
2020-05-27 09:26:00,2020-05-27 09:28:24,144,12,132
2020-05-27 09:31:39,2020-05-27 10:09:16,2257,2257,0
2020-05-27 11:54:41,2020-05-27 11:54:52,11,11,0
2020-05-27 11:59:49,2020-05-27 12:00:26,37,37,0
2020-05-27 12:07:09,2020-05-27 12:09:12,123,93,30
2020-05-27 12:12:31,2020-05-27 13:49:00,5789,4917,872
2020-05-27 15:33:34,2020-05-27 15:35:44,130,15,115
2020-05-27 15:41:08,2020-05-27 16:46:38,3930,3930,0
2020-05-27 17:36:58,2020-05-27 17:39:01,123,123,0
2020-05-27 20:07:06,2020-05-27 21:10:42,3816,3816,0
2020-05-27 21:14:15,2020-05-28 01:25:53,15098,14618,480
2020-05-28 01:30:42,2020-05-28 01:42:17,695,695,0
2020-05-28 01:47:46,2020-05-28 06:01:38,15232,15232,0
2020-05-28 06:13:56,2020-05-28 08:20:38,7602,7602,0
2020-05-28 09:59:02,2020-05-28 09:59:42,40,9,31
2020-05-28 10:02:32,2020-05-28 11:17:57,4525,4045,480
2020-05-28 13:14:17,2020-05-28 13:58:09,2632,2632,0
2020-05-28 15:23:48,2020-05-28 15:31:23,455,246,209
2020-05-28 15:39:32,2020-05-28 17:03:30,5038,5038,0
2020-05-28 17:04:14,2020-05-28 17:05:33,79,18,61
2020-05-28 19:45:53,2020-05-28 19:46:58,65,17,48
2020-05-28 19:52:49,2020-05-28 22:22:11,8962,8962,0
2020-05-28 22:27:54,2020-05-28 22:51:27,1413,1413,0
2020-05-28 22:53:15,2020-05-29 04:18:51,19536,19536,0
2020-05-29 04:33:32,2020-05-29 04:38:17,285,285,0
2020-05-29 04:41:30,2020-05-29 04:45:02,212,212,0
2020-05-29 04:52:53,2020-05-29 05:00:34,461,156,305
2020-05-29 05:11:47,2020-05-29 06:31:50,4803,4803,0
2020-05-29 06:35:24,2020-05-29 07:07:20,1916,1909,7
2020-05-29 07:08:54,2020-05-29 07:10:40,106,21,85
2020-05-29 07:12:34,2020-05-29 07:17:04,270,238,32
2020-05-29 07:34:12,2020-05-29 08:20:11,2759,2759,0
2020-05-29 10:27:28,2020-05-29 10:30:09,161,119,42
2020-05-29 10:37:06,2020-05-29 11:23:40,2794,1862,932
2020-05-29 12:49:11,2020-05-29 12:50:01,50,50,0
2020-05-29 13:01:12,2020-05-29 13:02:51,99,11,88
2020-05-29 13:08:23,2020-05-29 13:35:42,1639,793,846
2020-05-29 13:40:50,2020-05-29 13:48:46,476,416,60
2020-05-29 15:43:04,2020-05-29 15:44:20,76,16,60
2020-05-29 15:51:17,2020-05-29 16:30:35,2358,1878,480
2020-05-29 16:31:45,2020-05-29 16:32:18,33,33,0
2020-05-29 16:35:56,2020-05-29 16:37:28,92,61,31
2020-05-29 16:58:19,2020-05-29 16:58:38,19,19,0
2020-05-29 17:02:57,2020-05-29 17:05:22,145,93,52
2020-05-29 17:09:24,2020-05-29 17:14:40,316,72,244
2020-05-29 20:27:26,2020-05-29 20:36:56,570,117,453
2020-05-29 20:37:17,2020-05-29 21:58:45,4888,4888,0
2020-05-29 22:01:32,2020-05-30 04:13:05,22293,22293,0
2020-05-30 04:21:06,2020-05-30 04:27:51,405,405,0
2020-05-30 04:31:29,2020-05-30 08:17:36,13567,13567,0
2020-05-30 09:57:46,2020-05-30 10:03:02,316,15,301
2020-05-30 10:05:23,2020-05-30 10:07:34,131,53,78
2020-05-30 10:10:14,2020-05-30 11:14:02,3828,3828,0
2020-05-30 12:45:45,2020-05-30 12:47:09,84,84,0
2020-05-30 12:49:42,2020-05-30 12:51:26,104,104,0
2020-05-30 12:56:45,2020-05-30 13:00:08,203,62,141
2020-05-30 13:05:11,2020-05-30 13:42:16,2225,2225,0
2020-05-30 15:19:05,2020-05-30 15:22:46,221,221,0
2020-05-30 15:25:52,2020-05-30 15:27:48,116,75,41
2020-05-30 15:30:09,2020-05-30 16:03:23,1994,1994,0
2020-05-30 16:07:11,2020-05-30 16:09:54,163,163,0
2020-05-30 16:15:40,2020-05-30 17:18:56,3796,3316,480
2020-05-30 19:46:12,2020-05-30 19:48:38,146,97,49
2020-05-30 19:50:46,2020-05-30 19:52:19,93,93,0
2020-05-30 19:56:33,2020-05-30 20:30:41,2048,2048,0
2020-05-30 20:39:54,2020-05-31 01:25:57,17163,17163,0
2020-05-31 01:28:29,2020-05-31 05:37:16,14927,14927,0
2020-05-31 05:49:28,2020-05-31 05:55:15,347,305,42
2020-05-31 06:01:32,2020-05-31 08:02:58,7286,7286,0
2020-05-31 09:54:53,2020-05-31 09:56:48,115,82,33
2020-05-31 10:04:29,2020-05-31 11:32:37,5288,5288,0
2020-05-31 13:33:37,2020-05-31 13:33:38,1,1,0
2020-05-31 13:36:19,2020-05-31 13:39:51,212,212,0
2020-05-31 13:44:34,2020-05-31 14:21:36,2222,2222,0
2020-05-31 16:12:25,2020-05-31 16:14:54,149,149,0
2020-05-31 16:20:16,2020-05-31 16:56:55,2199,2199,0
2020-05-31 19:54:38,2020-05-31 19:55:24,46,46,0
2020-05-31 19:56:47,2020-05-31 19:59:13,146,136,10
2020-05-31 20:01:28,2020-05-31 20:32:48,1880,1880,0
2020-05-31 20:37:30,2020-05-31 20:40:31,181,181,0
2020-05-31 20:44:20,2020-06-01 03:44:47,25227,24629,598
2020-06-01 03:54:30,2020-06-01 03:59:49,319,319,0
2020-06-01 04:07:02,2020-06-01 04:17:03,601,601,0
2020-06-01 04:20:27,2020-06-01 07:06:06,9939,9939,0
2020-06-01 07:04:56,2020-06-01 07:06:48,112,112,0
2020-06-01 07:13:51,2020-06-01 07:21:05,434,434,0
2020-06-01 09:04:21,2020-06-01 10:04:52,3631,3151,480
2020-06-01 11:58:26,2020-06-01 11:59:29,63,63,0
2020-06-01 12:02:08,2020-06-01 12:45:37,2609,2129,480
2020-06-01 14:32:51,2020-06-01 14:33:39,48,19,29
2020-06-01 14:38:23,2020-06-01 14:39:04,41,24,17
2020-06-01 14:37:50,2020-06-01 15:14:06,2176,1696,480
2020-06-01 15:38:56,2020-06-01 15:39:35,39,28,11
2020-06-01 15:48:46,2020-06-01 15:49:08,22,19,3
2020-06-01 15:54:37,2020-06-01 15:55:01,24,4,20
2020-06-01 19:18:52,2020-06-01 19:48:06,1754,1754,0
2020-06-01 19:53:31,2020-06-02 02:47:34,24843,24843,0
2020-06-02 02:55:19,2020-06-02 02:58:59,220,220,0
2020-06-02 03:02:12,2020-06-02 06:51:38,13766,13286,480
2020-06-02 06:53:40,2020-06-02 07:07:07,807,807,0
2020-06-02 08:42:54,2020-06-02 08:44:31,97,24,73
2020-06-02 08:48:56,2020-06-02 10:36:13,6437,5957,480
2020-06-02 12:24:11,2020-06-02 12:24:39,28,16,12
2020-06-02 12:27:47,2020-06-02 12:28:53,66,58,8
2020-06-02 12:31:57,2020-06-02 13:01:51,1794,1794,0
2020-06-02 15:15:50,2020-06-02 16:00:17,2667,2667,0
2020-06-02 16:06:59,2020-06-02 16:55:22,2903,2903,0
2020-06-02 19:31:15,2020-06-02 20:15:58,2683,2683,0
2020-06-02 20:14:52,2020-06-02 20:16:26,94,94,0
2020-06-02 20:20:07,2020-06-03 01:34:34,18867,18867,0
2020-06-03 01:47:13,2020-06-03 01:52:36,323,323,0
2020-06-03 01:51:36,2020-06-03 02:00:31,535,535,0
2020-06-03 02:02:39,2020-06-03 02:04:41,122,122,0
2020-06-03 02:16:58,2020-06-03 02:20:07,189,189,0
2020-06-03 02:22:58,2020-06-03 05:56:01,12783,12783,0
2020-06-03 05:59:14,2020-06-03 06:10:44,690,690,0
2020-06-03 06:18:21,2020-06-03 06:21:41,200,200,0
2020-06-03 06:27:06,2020-06-03 06:34:22,436,436,0
2020-06-03 06:40:53,2020-06-03 06:45:33,280,59,221
2020-06-03 06:50:38,2020-06-03 06:54:01,203,203,0
2020-06-03 07:02:37,2020-06-03 07:58:44,3367,3367,0
2020-06-03 09:31:52,2020-06-03 09:32:59,67,67,0
2020-06-03 09:40:24,2020-06-03 10:28:38,2894,2894,0
2020-06-03 12:23:57,2020-06-03 12:59:23,2126,2126,0
2020-06-03 13:12:15,2020-06-03 13:14:12,117,117,0
2020-06-03 14:53:16,2020-06-03 15:01:22,486,474,12
2020-06-03 15:06:11,2020-06-03 15:06:16,5,5,0
2020-06-03 15:08:31,2020-06-03 15:44:48,2177,2177,0
2020-06-03 15:47:25,2020-06-03 15:47:37,12,12,0
2020-06-03 16:18:19,2020-06-03 16:19:38,79,16,63
2020-06-03 17:31:13,2020-06-03 18:12:04,2451,2451,0
2020-06-03 19:49:18,2020-06-03 19:52:53,215,190,25
2020-06-03 19:57:31,2020-06-03 19:57:56,25,25,0
2020-06-03 20:05:24,2020-06-03 20:06:58,94,94,0
2020-06-03 20:16:12,2020-06-03 20:18:14,122,117,5
2020-06-03 20:25:09,2020-06-03 21:18:02,3173,3147,26
2020-06-03 21:20:07,2020-06-04 04:45:27,26720,26720,0
2020-06-04 05:02:36,2020-06-04 05:05:27,171,171,0
2020-06-04 05:11:15,2020-06-04 05:12:40,85,85,0
2020-06-04 05:22:02,2020-06-04 05:31:50,588,588,0
2020-06-04 05:33:33,2020-06-04 07:21:11,6458,5824,634
2020-06-04 08:59:05,2020-06-04 09:00:50,105,105,0
2020-06-04 09:01:41,2020-06-04 09:57:29,3348,3132,216
2020-06-04 12:16:44,2020-06-04 14:29:22,7958,7958,0
2020-06-04 16:35:42,2020-06-04 16:56:17,1235,1235,0
2020-06-04 17:07:42,2020-06-04 17:45:15,2253,2253,0
2020-06-04 19:27:56,2020-06-04 19:29:30,94,24,70
2020-06-04 19:32:46,2020-06-04 19:32:49,3,3,0
2020-06-04 19:43:18,2020-06-04 19:44:38,80,80,0
2020-06-04 19:51:28,2020-06-04 21:21:12,5384,5384,0
2020-06-04 21:24:48,2020-06-05 03:51:50,23222,23222,0
2020-06-05 04:07:51,2020-06-05 04:11:05,194,194,0
2020-06-05 04:15:27,2020-06-05 04:21:01,334,334,0
2020-06-05 04:29:59,2020-06-05 06:03:58,5639,5639,0
2020-06-05 06:13:57,2020-06-05 07:18:30,3873,3873,0
2020-06-05 09:11:16,2020-06-05 09:52:28,2472,2472,0
